   I,   II,  III,  AVR,  AVL,  AVF,   V1,   V2,   V3,   V4,   V5,   V6, RV, MapD, MapP, P 1
  -5, -31, -33,   4,   7, -32, -50, -73, -91, -56, -32,  -7,  -9,-218, -20,1019
 -11, -36, -31,  10,   3, -33, -45, -73, -92, -57, -31,  -6,  -6, 309,  -3,1016
 -20, -39, -26,  16,  -4, -32, -38, -71, -92, -57, -28,  -2,  -8,   2,   2,1013
 -23, -42, -26,  19,  -6, -34, -35, -71, -94, -59, -28,  -1,  -9,-644, -20,1011
 -26, -46, -28,  22,  -6, -37, -33, -73, -97, -62, -29,  -1,  -5,-287,   6,1008
 -22, -48, -34,  21,  -1, -40, -34, -74,-101, -65, -31,  -3,  -5, -45,   8,1005
 -14, -47, -41,  17,   7, -44, -39, -78,-104, -66, -34,  -5,  -6, 207,   5,1002
  -6, -44, -46,  12,  13, -45, -41, -81,-106, -67, -36,  -8,  -8, 798, -22,1000
  -3, -42, -47,   9,  16, -44, -43, -84,-105, -65, -35,  -7,  -8, 136, -17, 997
  -1, -42, -47,   8,  16, -45, -41, -83,-103, -62, -31,  -3,  -6,  56, -32, 994
  -2, -41, -46,   9,  16, -44, -37, -86,-104, -62, -29,  -0,  -8, -90,  12, 992
  -5, -41, -42,  10,  12, -42, -33, -88,-105, -61, -28,   0,  -9,-2292,  -3, 989
 -11, -41, -37,  13,   7, -39, -28, -88,-105, -62, -28,   1,  -8,2272, -22, 986
 -14, -41, -34,  14,   3, -37, -26, -90,-106, -62, -27,   1,  -8, 249, -12, 984
 -13, -39, -32,  13,   2, -35, -26, -93,-107, -62, -27,  -0,  -6, 424, -17, 981
 -11, -37, -32,  11,   4, -34, -30, -97,-110, -63, -29,  -3,  -6,-1086,  -8, 979
  -7, -39, -40,  10,  10, -39, -37,-100,-113, -64, -31,  -6,  -3,-426,   3, 977
  -3, -41, -46,   9,  15, -44, -39, -97,-111, -63, -31,  -5,  -8, 383,   9, 974
   1, -41, -50,   7,  19, -45, -38, -94,-111, -62, -31,  -5,  -6,-354,   8, 972
  -2, -42, -47,   9,  17, -45, -36, -91,-109, -61, -30,  -5,  -8,1102, -29, 969
  -7, -44, -44,  12,  12, -44, -34, -87,-108, -61, -30,  -5,  -8, 161, -34, 967
 -10, -47, -44,  15,  10, -45, -33, -87,-108, -63, -32,  -7,  -8, -90, -22, 964
 -15, -52, -43,  21,   7, -47, -30, -87,-108, -64, -32,  -6, -11,-178,   2, 962
 -17, -57, -47,  24,   8, -51, -27, -86,-107, -64, -32,  -5,  -9,-876,   3, 960
 -20, -62, -49,  28,   8, -55, -21, -86,-107, -64, -31,  -3,  -9,-592,  28, 958
 -20, -67, -54,  30,  10, -60, -20, -91,-115, -69, -31,  -5,  -6,-175,  -3, 955
 -16, -67, -58,  28,  15, -62, -24, -95,-120, -72, -37, -11,  -5, 198, -45, 953
 -11, -63, -58,  23,  18, -60, -30, -98,-121, -74, -45, -18,  -5, 855, -11, 951
  -7, -56, -56,  18,  18, -56, -34, -99,-121, -73, -50, -23,  -5, 229,   8, 949
  -4, -50, -51,  14,  17, -50, -35, -97,-119, -72, -51, -25,  -9,  -9, -26, 947
  -4, -45, -47,  11,  15, -46, -37, -94,-116, -71, -53, -27,  -9,  42, -17, 945
  -5, -43, -44,  11,  12, -43, -40, -95,-116, -71, -54, -29, -11,-218, -14, 943
  -9, -40, -38,  11,   8, -39, -42, -95,-118, -73, -56, -30,  -6, 159, -28, 941
 -12, -36, -30,  11,   2, -33, -43, -95,-120, -75, -56, -30,  -5, 204,  16, 940
 -15, -33, -24,  11,  -2, -28, -45, -98,-118, -74, -55, -29,  -8,  26,  11, 938
 -16, -32, -22,  10,  -4, -27, -48, -98,-115, -73, -54, -29,  -6,-1927, -14, 936
 -10, -32, -28,   7,   2, -30, -53, -98,-115, -74, -54, -30,  -5, 382, -11, 935
  -4, -32, -33,   5,   8, -33, -56, -99,-115, -75, -54, -31,  -3,1125, -14, 933
  -1, -32, -36,   4,  10, -34, -58,-100,-118, -77, -56, -32,  -5, 155, -11, 931
  -5, -34, -34,   6,   7, -34, -57,-102,-122, -81, -59, -33,  -5, 856,  -6, 930
  -9, -37, -34,  10,   5, -35, -55,-104,-123, -82, -60, -33,  -9,-2538,  -8, 929
 -15, -42, -33,  16,   1, -38, -51,-104,-123, -82, -60, -32,  -8,2414,  -1, 927
 -24, -46, -29,  23,  -5, -38, -46,-100,-118, -78, -54, -26,  -8,-110,  -3, 926
 -29, -53, -31,  28,  -6, -43, -41, -98,-115, -75, -49, -21,  -8,-1385,  23, 925
 -31, -61, -37,  33,  -4, -49, -35, -95,-112, -73, -46, -17,  -6,1252,  -6, 924
 -26, -65, -46,  33,   3, -56, -33, -94,-111, -73, -46, -17,  -6,-1111, -28, 922
 -17, -64, -54,  28,  11, -59, -36, -95,-111, -74, -47, -19,  -5, 407, -11, 921
  -9, -61, -59,  22,  18, -60, -41, -98,-113, -76, -49, -21,  -8,-1774,  -1, 920
  -5, -60, -61,  19,  21, -61, -45,-101,-115, -76, -48, -21,  -6,1433, -15, 919
  -7, -59, -59,  20,  19, -59, -47,-102,-116, -75, -47, -19,  -5,1230, -14, 918
  -8, -57, -56,  20,  17, -57, -47,-103,-117, -74, -45, -17,  -8,-1318, -14, 917
  -9, -55, -52,  19,  15, -54, -47,-105,-119, -72, -43, -15,  -8,1739,   9, 917
 -10, -52, -49,  18,  13, -50, -47,-103,-118, -71, -42, -14,  -8,-757, -22, 916
 -12, -48, -43,  17,   9, -46, -47,-103,-117, -69, -40, -12,  -8, 229, -17, 915
 -12, -45, -40,  15,   8, -42, -49,-104,-116, -70, -40, -11,  -5,-1273, -18, 914
  -9, -44, -41,  13,   9, -43, -53,-106,-118, -72, -42, -13,  -3,-910,   0, 914
  -3, -46, -49,  11,  16, -48, -56,-107,-118, -74, -43, -16,  -6,1931,  16, 914
   3, -48, -57,  10,  23, -53, -59,-108,-118, -76, -44, -20,  -8,-2340,  -8, 914
   2, -51, -60,  11,  25, -56, -61,-109,-119, -78, -47, -22,  -5,2317,  -5, 914
  -6, -56, -56,  18,  18, -56, -60,-110,-121, -80, -48, -22,  -8,1090, -14, 914
 -14, -58, -50,  23,  11, -54, -58,-108,-122, -80, -47, -21,  -6,-909,  -1, 913
 -19, -59, -46,  26,   6, -52, -55,-105,-121, -79, -45, -19,  -9,-655, -39, 913
 -27, -61, -41,  31,  -0, -51, -49,-100,-117, -75, -41, -14,  -8,-459, -17, 913
 -32, -63, -38,  34,  -3, -51, -46, -95,-115, -73, -38, -11,  -9,-762,  12, 913
 -33, -65, -39,  35,  -4, -52, -45, -96,-114, -73, -39, -10,  -8,-326,   0, 913
 -29, -66, -44,  34,   1, -55, -48, -97,-115, -75, -42, -13,  -6,  80,   0, 912
 -22, -63, -47,  29,   6, -54, -50, -98,-116, -77, -46, -18,  -6, 263, -12, 912
 -16, -60, -51,  25,  11, -55, -55,-101,-118, -80, -49, -22,  -5, 852,  -5, 913
 -14, -60, -53,  24,  14, -57, -61,-101,-120, -81, -51, -24,  -8, 218, -26, 913
 -17, -60, -50,  27,  10, -56, -63,-101,-118, -80, -51, -23,  -6, 104,  -9, 913
 -22, -61, -46,  29,   6, -54, -67,-102,-117, -79, -51, -23,  -6,  16,   3, 913
 -27, -62, -43,  32,   1, -52, -71,-104,-116, -77, -49, -22,  -8,-363,   8, 913
 -31, -62, -38,  33,  -3, -50, -73,-105,-115, -76, -47, -20,  -8,  97, -22, 913
 -32, -59, -33,  32,  -6, -46, -71,-105,-116, -76, -46, -19, -11,  43, -14, 912
 -30, -55, -31,  29,  -6, -43, -71,-106,-118, -76, -46, -18,  -8,  42, -28, 913
 -25, -51, -34,  25,  -2, -43, -74,-109,-118, -75, -44, -17,  -3,-580, -28, 913
 -13, -47, -40,  16,   7, -44, -76,-114,-121, -73, -42, -16,  -1,-159,  11, 913
  -4, -42, -45,   9,  14, -44, -76,-116,-120, -73, -42, -15,  -6, 186,  26, 913
   0, -38, -45,   5,  16, -41, -74,-113,-116, -73, -42, -15, -11, 700,  14, 913
  -1, -35, -41,   5,  13, -38, -70,-110,-113, -73, -41, -14,  -8,  88, -23, 912
  -1, -36, -42,   6,  13, -39, -66,-106,-111, -73, -42, -14,  -8,-386, -25, 912
   0, -37, -44,   6,  15, -40, -65,-102,-110, -75, -44, -15,  -8,  97, -29, 912
  -2, -36, -41,   6,  13, -39, -63, -95,-107, -73, -42, -12,  -8, -40, -14, 912
  -1, -33, -39,   4,  12, -36, -63, -91,-103, -72, -40, -10,  -9,-629,  19, 912
  -3, -33, -37,   5,  11, -35, -57, -86,-100, -71, -40,  -9,  -6,-431,   6, 911
  -2, -35, -40,   6,  12, -37, -53, -85,-100, -72, -41, -10,  -8,-213,  -8, 911
   2, -37, -45,   5,  17, -41, -57, -88,-104, -75, -46, -14,  -6, 363, -31, 911
   8, -39, -52,   2,  23, -46, -64, -94,-108, -79, -51, -18,  -8, 934, -26, 911
  11, -40, -57,   2,  27, -49, -70, -99,-110, -81, -54, -20,  -8, 232,  -1, 911
  10, -42, -58,   3,  27, -51, -72,-101,-112, -82, -56, -22,  -8, -51,   5, 911
   6, -43, -56,   5,  24, -49, -71,-102,-114, -81, -57, -24,  -8,-134,   8, 911
   2, -43, -51,   8,  19, -47, -69,-102,-112, -78, -55, -22,  -8,-351,   5, 910
  -8, -43, -42,  13,  10, -43, -67, -98,-109, -76, -52, -19,  -9, 119, -28, 911
 -17, -42, -32,  17,   0, -37, -64, -94,-105, -73, -49, -16,  -9, 113, -15, 910
 -20, -39, -26,  17,  -4, -33, -63, -94,-104, -73, -47, -16,  -5,  59, -23, 910
 -16, -38, -29,  14,  -0, -34, -65, -98,-107, -76, -49, -18,  -3,-604, -12, 910
  -9, -40, -37,  11,   7, -39, -67,-104,-112, -80, -52, -21,  -6, 156, -11, 910
  -5, -43, -43,  10,  12, -42, -68,-108,-116, -82, -55, -23,  -5, -97, -12, 910
  -5, -45, -46,  11,  13, -45, -68,-111,-120, -85, -57, -25,  -6, 427,   8, 909
  -7, -47, -46,  13,  13, -46, -66,-113,-121, -85, -57, -25,  -9, 150,  20, 909
 -10, -48, -45,  16,  11, -47, -61,-114,-121, -84, -57, -24,  -8,-253,  -8, 909
 -16, -54, -45,  21,   8, -49, -54,-113,-120, -84, -55, -23,  -8,  65, -26, 909
 -25, -60, -42,  29,   2, -51, -47,-112,-118, -82, -52, -19,  -8,-164, -12, 908
 -29, -64, -42,  34,   0, -54, -44,-111,-115, -81, -50, -16,  -9,-610, -17, 908
 -31, -67, -43,  36,  -0, -55, -40,-109,-114, -79, -49, -15,  -9,-536, -15, 908
 -28, -67, -47,  34,   4, -57, -40,-109,-117, -81, -52, -18,  -5, 314,   2, 907
 -21, -64, -51,  30,   9, -58, -44,-114,-122, -84, -56, -22,  -6, 450,   5, 907
 -15, -60, -52,  24,  12, -56, -51,-119,-126, -87, -59, -25,  -5, 781,  -6, 907
 -12, -56, -52,  21,  14, -54, -57,-121,-129, -88, -60, -26,  -8,  17, -14, 906
 -11, -55, -51,  20,  14, -52, -59,-123,-131, -88, -60, -27,  -6,-100, -20, 906
 -13, -55, -50,  20,  12, -52, -60,-122,-130, -88, -58, -26,  -9,-171,   5, 905
 -15, -56, -49,  22,  10, -52, -60,-120,-127, -86, -56, -25,  -8,-329,  11, 905
 -17, -56, -45,  24,   7, -51, -60,-117,-124, -84, -54, -23,  -8, 169, -17, 905
 -21, -55, -41,  25,   3, -48, -60,-113,-120, -82, -52, -21,  -8, 215, -11, 904
 -23, -57, -41,  27,   1, -48, -63,-113,-121, -82, -51, -20,  -6, 110, -31, 904
 -21, -57, -43,  26,   4, -50, -67,-114,-123, -84, -52, -21,  -8,-733,  -8, 903
 -14, -56, -49,  22,  10, -52, -70,-115,-122, -83, -52, -22,  -8, -56,  12, 903
 -11, -56, -51,  20,  13, -53, -71,-116,-120, -83, -51, -21,  -6, -79,   0, 902
 -12, -57, -52,  21,  13, -54, -71,-114,-119, -84, -53, -23,  -6, 475,  -8, 902
 -15, -59, -50,  23,  11, -54, -70,-111,-119, -86, -54, -24,  -8, 247, -11, 901
 -14, -57, -48,  22,  10, -52, -67,-111,-120, -85, -55, -23,  -5,-117, -12, 900
 -10, -53, -49,  19,  12, -51, -64,-112,-120, -84, -56, -22,  -8, 170,   0, 900
 -11, -53, -48,  19,  12, -51, -62,-108,-119, -84, -54, -20,  -9,-141,  -8, 899
 -10, -54, -50,  19,  14, -52, -58,-104,-115, -83, -53, -19,  -9,-784,  -3, 899
 -10, -54, -51,  19,  15, -53, -55,-100,-110, -81, -52, -17,  -6,-368, -20, 898
  -6, -53, -54,  16,  18, -54, -53,-100,-108, -82, -55, -20,  -8, -15,  -8, 897
   4, -49, -58,   9,  25, -54, -56,-104,-110, -83, -56, -24,  -6, 116,  -1, 897
  11, -45, -62,   3,  30, -54, -59,-108,-114, -85, -60, -28,  -6, 731,  -5, 896
  13, -43, -63,   1,  31, -53, -62,-107,-115, -85, -62, -31,  -8, 102,  -5, 895
  11, -41, -59,   2,  28, -50, -62,-105,-112, -83, -61, -31,  -8,  37, -11, 894
   4, -41, -53,   5,  21, -47, -60,-102,-108, -80, -58, -30,  -8, 119, -14, 893
  -3, -39, -44,   8,  13, -41, -57,-100,-105, -77, -54, -26,  -9,-286, -18, 892
 -11, -36, -33,  10,   4, -34, -53, -98,-104, -75, -51, -22,  -9, 377, -26, 891
 -18, -29, -19,  11,  -7, -24, -52, -99,-105, -74, -47, -17,  -8, 376,  -1, 891
 -21, -22,  -8,   9, -14, -14, -53,-102,-105, -73, -44, -14,  -6, -79, -14, 890
 -17, -17,  -6,   4, -13, -11, -58,-105,-106, -75, -44, -13,  -5,-1056,  11, 889
  -9, -17, -14,  -0,  -4, -16, -64,-109,-110, -80, -46, -14,  -5,-277,  20, 888
  -3, -20, -23,  -2,   4, -21, -72,-111,-115, -83, -48, -16,  -5, -49, -28, 887
   1, -22, -30,  -3,   8, -26, -76,-110,-117, -84, -49, -18,  -6, 719, -17, 887
   0, -25, -32,  -1,   9, -28, -78,-109,-115, -84, -48, -18,  -9, 329, -15, 886
  -3, -30, -34,   4,   8, -32, -79,-109,-115, -84, -47, -17,  -8,-253,   2, 886
  -7, -37, -36,   9,   8, -36, -80,-105,-116, -85, -47, -17,  -6, 277,  -5, 885
 -17, -44, -33,  17,   1, -38, -78,-101,-111, -82, -45, -16,  -9,  19, -22, 885
 -25, -50, -32,  24,  -4, -41, -75, -97,-105, -78, -43, -14,  -8,-793,  -9, 884
 -29, -55, -33,  28,  -5, -43, -71, -93,-101, -76, -42, -14,  -6,-419,   5, 883
 -26, -57, -37,  28,  -1, -47, -70, -91,-102, -77, -43, -17,  -6,-150,   3, 882
 -18, -56, -44,  23,   7, -50, -71, -94,-107, -79, -42, -21,  -6, 122, -15, 882
 -11, -54, -50,  20,  13, -52, -72, -99,-112, -83, -47, -28,  -8, 858,   0, 881
  -9, -54, -52,  18,  15, -53, -73,-104,-117, -84, -52, -32,  -8, 141, -20, 881
 -11, -55, -51,  20,  13, -52, -72,-108,-121, -84, -54, -34,  -6, -82,   0, 880
 -14, -57, -50,  22,  11, -53, -74,-112,-125, -87, -57, -35,  -6,  88,   0, 880
 -14, -55, -47,  21,  10, -51, -72,-115,-128, -89, -58, -34,  -6, -48, -20, 879
 -14, -49, -42,  18,   8, -45, -66,-115,-128, -89, -57, -33,  -9,  99, -18, 879
 -15, -42, -33,  15,   3, -37, -62,-111,-123, -86, -52, -28,  -8,  80,  -5, 878
 -16, -38, -28,  13,  -0, -33, -64,-111,-121, -83, -49, -25,  -8,  85, -12, 878
 -12, -35, -29,  10,   2, -32, -67,-112,-120, -82, -48, -22,  -5,-802, -18, 877
  -1, -31, -37,   2,  12, -34, -72,-112,-120, -81, -46, -21,  -5,-178,  -1, 876
   7, -29, -43,  -2,  18, -37, -76,-113,-121, -81, -46, -19,  -6,-184,   2, 875
   9, -31, -46,  -3,  21, -39, -80,-114,-122, -82, -46, -18,  -9, 642,  -5, 875
   5, -33, -45,   0,  18, -39, -82,-113,-120, -82, -46, -16,  -8, 111,   2, 874
   1, -37, -43,   5,  15, -40, -78,-110,-117, -82, -46, -15,  -6,   3,  -6, 874
  -3, -42, -45,   9,  14, -44, -71,-106,-116, -83, -46, -15,  -8, 473, -23, 873
 -13, -50, -43,  18,   8, -46, -65,-102,-113, -81, -44, -12,  -8, -57,  -8, 872
 -20, -56, -42,  25,   4, -49, -61,-100,-111, -79, -43, -11,  -9,-932,  -6, 872
 -26, -62, -41,  31,   1, -52, -59, -99,-111, -80, -45, -13,  -8,-496,  -8, 871
 -27, -65, -44,  32,   2, -55, -57,-101,-114, -82, -48, -15,  -8,-154,   9, 871
 -23, -64, -47,  30,   5, -56, -57,-104,-117, -85, -49, -17,  -6, 141,  -1, 870
 -16, -58, -48,  24,  10, -53, -57,-109,-119, -85, -52, -20,  -6, 875, -22, 869
 -11, -53, -48,  19,  12, -51, -59,-115,-121, -87, -55, -24,  -5, 216,   5, 868
 -10, -50, -46,  16,  12, -48, -60,-119,-123, -88, -58, -26,  -8,  45, -18, 868
 -12, -48, -42,  16,   9, -44, -62,-121,-125, -90, -60, -28,  -8,-113, -26, 867
 -13, -45, -38,  16,   6, -41, -64,-121,-124, -90, -60, -30,  -9,-275, -26, 867
 -16, -45, -35,  17,   3, -39, -64,-119,-123, -89, -60, -31,  -9, 150,  -8, 866
 -21, -45, -31,  20,  -2, -37, -64,-118,-121, -88, -59, -30, -11, 292,   5, 866
 -25, -44, -26,  21,  -6, -35, -65,-117,-120, -86, -57, -29,  -8, 133,   6, 865
 -24, -41, -24,  19,  -7, -32, -68,-118,-120, -86, -56, -30,  -5,-788,  -9, 865
 -16, -37, -27,  13,  -1, -32, -70,-119,-119, -86, -55, -31,  -5,-205,  -8, 864
  -8, -33, -31,   7,   5, -32, -71,-118,-118, -86, -56, -33,  -6,-159,  12, 864
  -4, -30, -32,   3,   7, -31, -71,-113,-116, -87, -58, -36,  -6, 549, -29, 864
  -4, -27, -29,   2,   6, -28, -68,-108,-113, -86, -58, -36,  -8, 334, -22, 864
  -5, -25, -26,   1,   4, -25, -65,-106,-113, -85, -57, -35,  -8, -94,   3, 863
  -6, -25, -25,   2,   3, -25, -61,-102,-113, -86, -57, -34,  -9, 127, -18, 862
 -10, -29, -25,   6,  -0, -27, -59,-100,-111, -84, -56, -30, -11, -22,  12, 862
 -11, -34, -28,   9,   2, -31, -59, -99,-111, -83, -53, -26,  -9,-821,  -8, 862
 -12, -38, -32,  12,   3, -35, -55,-100,-111, -79, -51, -25,  -8,-546, -14, 861
  -9, -40, -37,  11,   7, -39, -56,-102,-114, -81, -53, -28,  -5, -39, -15, 861
  -3, -40, -44,   8,  14, -42, -62,-107,-116, -85, -57, -32,  -6, 184,   8, 860
   3, -40, -49,   5,  19, -44, -69,-111,-118, -88, -61, -36,  -8,1082, -12, 859
   5, -40, -51,   4,  21, -45, -74,-114,-119, -88, -62, -36,  -8, 499, -22, 860
   1, -41, -48,   7,  18, -45, -77,-114,-119, -87, -62, -37,  -6, -86, -20, 859
  -3, -42, -45,  10,  14, -44, -79,-112,-118, -87, -62, -37,  -8,-283,  17, 859
  -6, -42, -42,  11,  11, -42, -80,-111,-118, -85, -59, -34,  -8,-428,  14, 859
 -12, -40, -35,  13,   5, -38, -77,-111,-116, -84, -56, -31,  -9,  19, -25, 858
 -18, -40, -28,  16,  -2, -34, -76,-110,-116, -84, -54, -28,  -8, 209, -23, 858
 -23, -40, -24,  19,  -7, -31, -76,-109,-117, -85, -54, -27,  -6, 164, -15, 858
 -22, -40, -26,  18,  -5, -33, -81,-111,-117, -86, -54, -28,  -5,-865,   3, 857
 -17, -43, -33,  17,   2, -38, -86,-112,-117, -87, -56, -29,  -8,  23,  -5, 857
 -13, -44, -38,  15,   6, -41, -85,-112,-115, -86, -55, -29,  -6,  -5,  -3, 857
  -7, -43, -42,  12,  10, -41, -81,-109,-112, -84, -53, -27,  -8, 507,  -1, 857
  -4, -42, -44,  10,  13, -42, -77,-105,-109, -80, -49, -23,  -8, 237, -23, 856
  -3, -40, -44,   9,  13, -41, -74,-102,-107, -76, -46, -20,  -8,-210, -25, 856
  -1, -40, -45,   7,  15, -42, -70, -98,-105, -74, -43, -16,  -8,  45, -26, 856
  -4, -41, -43,   9,  13, -42, -67, -94,-102, -70, -39, -11,  -8,  57,   3, 855
  -5, -42, -43,  10,  13, -42, -64, -93,-100, -68, -36,  -7,  -8,-737,  14, 855
  -6, -45, -46,  12,  13, -45, -61, -90, -98, -67, -35,  -5,  -5,-501,  -5, 854
  -4, -48, -51,  13,  17, -49, -60, -89,-102, -70, -37,  -8,  -6,  16,  -3, 854
   2, -47, -55,   9,  22, -51, -65, -92,-107, -74, -41, -13,  -8, 420,   2, 853
   7, -45, -58,   6,  26, -52, -69, -97,-110, -76, -46, -18,  -6, 906, -12, 853
   8, -44, -58,   6,  27, -52, -73,-101,-112, -76, -48, -21,  -8,  88, -15, 852
   6, -43, -55,   6,  25, -50, -75,-102,-110, -74, -47, -21,  -9, -46, -18, 852
   3, -41, -50,   6,  20, -45, -75,-102,-107, -71, -45, -20,  -9,-179, -17, 851
  -1, -38, -44,   6,  15, -41, -75, -99,-104, -71, -44, -18,  -8,-388, -11, 851
  -7, -36, -37,   8,   8, -36, -72, -98,-105, -73, -44, -17,  -6, -40, -29, 850
 -11, -32, -29,   9,   2, -31, -69,-100,-106, -73, -44, -16,  -6, 261, -29, 850
 -13, -31, -25,   9,  -1, -28, -66,-102,-107, -73, -43, -15,  -8, 116,  -1, 850
 -13, -35, -30,  11,   2, -32, -66,-104,-110, -75, -44, -15,  -6,-660,  16, 849
  -8, -39, -38,  11,   8, -39, -66,-105,-110, -76, -44, -15,  -5, 297,  16, 848
  -7, -43, -43,  12,  11, -43, -65,-105,-110, -77, -45, -16,  -6,-119, -17, 848
  -9, -47, -45,  15,  12, -46, -64,-105,-111, -78, -46, -18,  -8, 298, -37, 848
 -12, -49, -44,  18,  10, -47, -64,-104,-109, -78, -46, -18,  -8, 179, -11, 847
 -15, -53, -44,  21,   8, -48, -64,-103,-107, -79, -47, -19,  -6,-185,  -9, 847
 -18, -57, -45,  25,   7, -51, -64,-101,-107, -80, -48, -20,  -9, 164,   0, 846
 -26, -61, -42,  31,   1, -52, -63, -98,-105, -79, -47, -18,  -8, 116,  -9, 846
 -30, -64, -40,  35,  -2, -52, -61, -97,-104, -77, -46, -17,  -9,-782,  -8, 845
 -31, -64, -39,  35,  -3, -52, -57, -93,-100, -76, -45, -15,  -8,-448,  -1, 845
 -29, -62, -39,  32,  -1, -51, -56, -89, -98, -75, -46, -17,  -8,-130, -15, 845
 -20, -54, -41,  24,   4, -48, -58, -90, -99, -77, -49, -21,  -5,  94,  -9, 845
  -9, -45, -44,  14,  11, -44, -61, -93,-102, -79, -53, -25,  -6, 870,   3, 844
   0, -38, -44,   6,  15, -41, -66, -96,-103, -79, -53, -27,  -6, 281,  -1, 844
   5, -29, -40,  -1,  15, -35, -67, -94,-102, -75, -51, -25,  -9,  77, -15, 844
   5, -24, -35,  -4,  13, -29, -66, -90,-100, -72, -48, -22,  -9, -62, -18, 843
   2, -22, -30,  -3,   9, -26, -63, -86, -96, -67, -46, -20, -12,-345,  -5, 843
  -4, -23, -26,   1,   3, -24, -64, -85, -91, -64, -43, -19,  -8,  37, -26, 842
  -9, -23, -20,   3,  -2, -21, -63, -84, -90, -62, -41, -17,  -6, 207,  -9, 841
 -10, -22, -18,   2,  -3, -19, -62, -84, -91, -63, -40, -17,  -6, 186,   0, 841
  -5, -20, -22,  -1,   2, -21, -64, -88, -93, -65, -41, -17,  -6,-712,   2, 840
   0, -23, -30,  -2,   9, -27, -67, -94, -97, -68, -43, -18,  -6,-182, -15, 840
   2, -28, -36,  -1,  12, -32, -69, -98,-100, -71, -44, -19,  -5,-165, -17, 839
   3, -32, -41,   1,  15, -36, -71, -98,-102, -73, -46, -20,  -9, 564,  -1, 839
   0, -34, -40,   4,  13, -37, -71, -97,-103, -74, -45, -20,  -8, 136, -14, 840
  -5, -38, -39,   9,   9, -38, -71,-100,-105, -76, -45, -21,  -8,-142,  -9, 839
  -9, -41, -38,  12,   7, -40, -72,-103,-106, -78, -47, -21,  -8, 184, -22, 838
 -14, -44, -36,  17,   4, -40, -69,-102,-106, -77, -45, -19,  -9, 152,   2, 838
 -18, -48, -36,  20,   2, -42, -67,-101,-105, -76, -43, -17,  -9,-477,   8, 837
 -22, -51, -36,  24,   0, -44, -65, -97,-102, -75, -41, -14,  -9,-431,   3, 837
 -20, -55, -41,  25,   4, -48, -66, -96,-101, -75, -42, -14,  -5,-280, -17, 836
 -16, -56, -46,  23,   8, -51, -73,-100,-106, -78, -46, -19,  -3, -20,  -3, 836
 -11, -54, -48,  19,  12, -51, -80,-106,-109, -80, -51, -25,  -6, 839, -18, 835
  -9, -50, -47,  16,  13, -49, -83,-109,-110, -79, -53, -27,  -8, 227, -14, 834
  -8, -46, -44,  14,  12, -46, -81,-108,-110, -77, -50, -25,  -9,  51, -14, 834
  -7, -42, -41,  11,  10, -41, -77,-108,-108, -76, -49, -23,  -8,-229, -12, 833
  -3, -36, -39,   7,  11, -38, -72,-108,-108, -74, -48, -22,  -8,-201, -15, 832
  -3, -32, -36,   4,  10, -34, -67,-107,-108, -73, -46, -22,  -9, 192,  -5, 832
  -3, -27, -30,   2,   7, -29, -64,-107,-108, -72, -41, -21,  -9, 280, -20, 831
  -4, -22, -25,  -0,   3, -23, -61,-109,-108, -71, -42, -21,  -8, 216,   3, 830
  -4, -20, -22,  -2,   2, -21, -60,-111,-109, -72, -46, -24,  -5,-804,  14, 830
   1, -20, -27,  -4,   8, -24, -64,-112,-109, -74, -49, -26,  -5,-289,   2, 830
   6, -19, -32,  -7,  12, -26, -68,-110,-107, -73, -50, -26,  -8,-187, -31, 829
   9, -18, -34,  -9,  15, -26, -68,-108,-106, -73, -51, -26,  -8, 496, -26, 828
   7, -18, -31,  -8,  12, -24, -65,-107,-106, -72, -51, -25,  -6,  99,  -6, 828
   4, -21, -31,  -5,  11, -26, -61,-108,-108, -73, -52, -25,  -9,-110, -11, 827
   1, -27, -35,   0,  11, -31, -57,-111,-112, -77, -55, -28,  -6, 420, -15, 827
  -8, -35, -34,   9,   5, -34, -54,-111,-116, -80, -56, -28,  -9, 257,  -9, 826
 -16, -42, -32,  16,   1, -37, -53,-111,-118, -81, -56, -28,  -9,-872,  -8, 826
 -23, -47, -32,  22,  -3, -39, -49,-111,-118, -81, -56, -27,  -9,-491,  -3, 825
 -23, -48, -33,  22,  -2, -40, -48,-110,-116, -83, -58, -27,  -5,-170,   5, 825
 -15, -45, -37,  17,   4, -41, -52,-111,-115, -85, -61, -29,  -5,  33, -14, 824
  -5, -40, -41,   9,  11, -40, -60,-112,-115, -88, -65, -33,  -8, 833, -11, 824
   2, -34, -43,   2,  16, -39, -64,-111,-113, -87, -66, -37,  -8, 131,   5, 824
   7, -28, -42,  -3,  18, -36, -65,-108,-111, -84, -64, -36,  -8,  88,  -9, 823
  10, -24, -40,  -7,  18, -32, -66,-107,-107, -81, -62, -34,  -6,-124, -15, 823
  11, -24, -41,  -7,  19, -33, -66,-105,-104, -79, -61, -32,  -6, 182,  -5, 822
   9, -23, -38,  -6,  17, -31, -64,-101,-102, -78, -60, -30,  -8, 164, -28, 822
   4, -23, -33,  -4,  11, -28, -62, -99,-100, -77, -58, -28,  -5,  94, -26, 822
   0, -22, -29,  -6,   8, -25, -62, -98,-100, -77, -57, -27,  -8,  63,  -5, 821
  -1, -20, -25,  -6,   5, -23, -64, -98, -98, -75, -54, -26,  -6,-827,  12, 821
  -0, -22, -28,  -5,   7, -25, -67, -98, -95, -71, -52, -24,  -3,-277,  -5, 820
  -1, -23, -28,  -3,   7, -26, -69, -96, -91, -67, -49, -23,  -5, -91,  11, 820
  -5, -23, -25,  -1,   3, -24, -71, -93, -88, -65, -47, -22,  -8, 546, -12, 819
 -11, -21, -17,   1,  -3, -20, -72, -94, -87, -63, -45, -20,  -6, 269, -23, 819
 -14, -21, -14,   3,  -7, -18, -71, -96, -88, -62, -43, -19,  -6,-215, -11, 819
 -15, -24, -17,   6,  -6, -21, -70, -98, -92, -65, -44, -19,  -6,  84, -22, 818
 -19, -30, -18,  11,  -7, -25, -69, -99, -95, -65, -42, -16,  -9, 105,   6, 818
 -20, -35, -22,  14,  -5, -29, -68,-100, -98, -67, -41, -13,  -6,-777,   2, 817
 -21, -40, -26,  16,  -4, -33, -66, -98, -99, -69, -42, -13,  -6,-397, -15, 816
 -17, -41, -33,  15,   1, -37, -68, -98,-101, -73, -45, -16,  -6, -96,  -1, 816
  -9, -42, -40,  12,   8, -40, -72,-104,-109, -79, -50, -21,  -6, 104,  -6, 816
  -3, -41, -46,   9,  14, -43, -74,-108,-115, -83, -54, -26,  -6, 855,   3, 815
   0, -41, -48,   7,  17, -44, -74,-110,-117, -83, -54, -27,  -6, 334,   2, 815
  -1, -41, -47,   8,  16, -44, -74,-111,-117, -82, -53, -25,  -8, 107, -23, 814
  -2, -42, -46,   9,  16, -44, -72,-110,-115, -81, -50, -23,  -8, -57,  -8, 814
  -3, -39, -43,   7,  14, -41, -69,-110,-113, -79, -47, -21,  -8,-338,  -3, 813
  -6, -36, -36,   7,   8, -36, -65,-108,-109, -77, -44, -19,  -9, -86, -25, 813
 -13, -34, -28,  10,   1, -31, -60,-107,-106, -74, -41, -17,  -8, 220, -35, 812
 -16, -32, -23,  11,  -3, -28, -55,-106,-110, -72, -39, -15,  -8,   5,  -1, 812
 -15, -31, -23,   9,  -2, -27, -57,-108,-114, -72, -38, -15,  -3,-731,  12, 811
  -8, -30, -29,   5,   4, -30, -61,-110,-110, -71, -39, -17,  -3,  19,   2, 811
  -1, -27, -34,   1,  10, -30, -64,-109,-107, -70, -38, -19,  -8,  -3,  -5, 810
   6, -23, -36,  -5,  15, -30, -65,-107,-105, -69, -39, -20,  -8, 838,   0, 810
   7, -21, -35,  -6,  14, -28, -65,-105,-103, -69, -39, -21,  -5, 295, -20, 810
   6, -20, -33,  -7,  13, -26, -62,-102,-100, -67, -38, -20,  -8,-416,  -9, 809
   4, -19, -30,  -6,  11, -25, -59, -98, -96, -66, -38, -18,  -8,-190,  -6, 809
  -2, -21, -26,  -1,   5, -24, -56, -93, -93, -64, -36, -17,  -9,  16, -18, 808
  -7, -26, -25,   3,   2, -25, -52, -89, -91, -65, -36, -17,  -8,-754, -22, 808
 -10, -29, -26,   6,   1, -28, -50, -86, -89, -66, -37, -18,  -6,-292,  -9, 807
 -10, -35, -32,   9,   5, -34, -52, -87, -92, -70, -41, -20,  -5,-170,   2, 807
  -4, -38, -40,   8,  12, -39, -58, -93, -95, -74, -46, -24,  -5, 145,  20, 807
   3, -37, -47,   4,  19, -42, -63, -97, -99, -76, -49, -28,  -6, 989, -14, 807
   8, -35, -49,  -0,  23, -42, -65, -98, -99, -74, -49, -28,  -6, 252,  -6, 806
  11, -31, -48,  -3,  23, -39, -64, -97, -99, -73, -48, -27,  -9,   6, -14, 806
   9, -29, -43,  -3,  20, -36, -66, -97,-100, -72, -46, -27,  -9,-103, -31, 805
   4, -29, -39,  -1,  15, -34, -71, -98,-100, -71, -46, -27,  -9,-334,  14, 805
  -3, -30, -34,   3,   9, -32, -71, -97,-101, -71, -45, -27,  -8,  14,  -3, 805
 -10, -31, -26,   7,   2, -28, -68, -97, -97, -69, -42, -26,  -8, 227, -12, 805
 -15, -31, -22,   9,  -3, -26, -68, -99, -94, -67, -39, -24,  -9, -22, -29, 805
 -17, -34, -23,  11,  -3, -28, -72,-101, -93, -67, -38, -25,  -8,-734,  -9, 805
 -13, -38, -31,  12,   3, -34, -77,-102, -95, -69, -39, -27,  -5,  85,  17, 805
  -6, -39, -39,   9,  10, -38, -80,-103, -97, -69, -39, -26,  -5, 104, -17, 804
   0, -36, -42,   4,  15, -39, -82,-104, -97, -68, -39, -26,  -6, 380,  -3, 804
   1, -33, -40,   2,  14, -37, -85,-101, -97, -68, -38, -26,  -8, 206,  -8, 804
  -1, -31, -37,   2,  12, -34, -85,-100, -96, -67, -37, -25,  -6,-204,   8, 804
  -1, -28, -33,   1,   9, -31, -84,-100, -98, -68, -38, -26,  -8, 125, -20, 803
  -6, -27, -28,   3,   4, -27, -81, -95, -94, -65, -35, -22,  -9, 148, -20, 803
  -7, -27, -27,   3,   3, -27, -79, -89, -90, -63, -34, -20,  -9,-981,  -8, 802
  -8, -29, -28,   5,   3, -28, -75, -85, -90, -64, -34, -18,  -6,-419,  -5, 802
  -6, -31, -32,   5,   6, -31, -71, -85, -91, -65, -35, -20,  -6,-260,  -8, 802
   1, -30, -37,   1,  12, -34, -71, -89, -91, -65, -37, -23,  -6, 492,   2, 801
   8, -27, -40,  -3,  18, -34, -74, -93, -91, -65, -40, -27,  -6, 938, -14, 801
  11, -26, -43,  -6,  21, -35, -75, -97, -92, -66, -42, -31,  -8, 133, -45, 801
  11, -24, -42,  -7,  20, -33, -71, -97, -90, -63, -40, -30,  -9, -35, -15, 800
   9, -22, -37,  -8,  17, -29, -64, -97, -87, -59, -38, -27,  -9, -97,  20, 800
   6, -20, -32,  -7,  12, -26, -60, -96, -86, -58, -36, -25,  -8,-272,  12, 799
   1, -18, -26,  -5,   7, -22, -54, -97, -89, -60, -36, -25,  -8,  11, -32, 799
  -4, -16, -19,  -4,   2, -17, -53, -98, -90, -60, -36, -25,  -8, 298, -34, 798
  -6, -12, -12,  -4,  -3, -12, -54,-100, -91, -61, -37, -26,  -6, 201,  -3, 798
  -5, -10, -10,  -6,  -4, -10, -56,-102, -92, -63, -37, -26,  -5,-811,   6, 798
   0, -10, -15,  -9,   2, -12, -60,-103, -92, -64, -37, -26,  -6,-213,  -8, 797
   5,  -9, -19, -12,   6, -14, -65,-103, -92, -64, -37, -25,  -6, -77,  16, 797
   6,  -7, -18, -13,   6, -12, -66,-103, -95, -65, -37, -26,  -6, 648,   2, 796
   3,  -4, -13, -13,   1,  -8, -62,-101, -95, -65, -38, -27,  -8, 357, -37, 795
   1,  -2, -10, -13,  -1,  -6, -56, -98, -94, -65, -38, -27,  -6,-253,  -3, 795
   1,  -2, -11, -13,  -1,  -6, -50, -94, -91, -64, -37, -27,  -5, -79, -12, 795
  -3,  -3,  -8, -11,  -4,  -6, -42, -89, -84, -59, -33, -22,  -9,  80, -15, 795
  -6,  -4,  -6,  -9,  -6,  -5, -33, -86, -80, -56, -30, -19,  -8,-835,  11, 795
  -8,  -4,  -4,  -8,  -8,  -4, -24, -81, -76, -55, -30, -17,  -8,-366,  16, 794
  -6,  -2,  -3, -10,  -8,  -2, -20, -77, -74, -55, -31, -16,  -3,  29,  -8, 794
   1,   5,  -4, -16,  -4,   0, -23, -77, -75, -56, -34, -18,  -5,  82, -34, 794
  10,   9,  -9, -22,   3,   0, -25, -76, -75, -57, -36, -21,  -5, 796, -11, 793
  14,  11, -10, -25,   5,   1, -23, -75, -71, -55, -35, -22,  -6, 274,   0, 793
  13,  14,  -6, -27,   3,   4, -21, -73, -66, -53, -34, -21,  -8,-165, -11, 793
  13,  18,  -0, -28,  -1,   9, -20, -70, -63, -51, -32, -19,  -9, -59, -18, 793
  11,  23,   5, -30,  -4,  14, -18, -68, -61, -49, -29, -16,  -5,-102, -12, 793
  10,  28,  12, -32,  -8,  21, -11, -63, -57, -46, -26, -12,  -8, -12, -17, 793
   9,  36,  20, -36, -12,  29,  -6, -58, -53, -42, -22,  -7, -11, 603,   0, 792
   8,  44,  29, -40, -17,  37,  -2, -56, -51, -38, -17,  -2,  -6, 331, -17, 792
   8,  48,  33, -42, -19,  41,  -0, -54, -50, -34, -12,   3,  -5,-899,  -8, 792
  10,  47,  30, -42, -17,  39,  -0, -55, -50, -32, -10,   4,  -5,-425,   6, 791
  11,  44,  27, -41, -14,  36,  -1, -57, -52, -30,  -9,   3,  -3,-224,   2, 791
   9,  44,  28, -40, -16,  36,   1, -57, -53, -30,  -9,   2,  -5, 498, -26, 791
   5,  45,  33, -39, -20,  39,   5, -57, -51, -29,  -9,   3,  -8, 377, -18, 791
   2,  47,  37, -38, -24,  42,   9, -55, -46, -27,  -5,   6,  -8,-222,  19, 790
   1,  49,  41, -39, -26,  45,  11, -55, -42, -23,  -3,   7,  -9,  42, -29, 790
  -4,  49,  46, -36, -31,  47,  15, -51, -36, -19,   1,  11,  -9, 329, -25, 790
  -3,  53,  48, -38, -32,  50,  19, -47, -31, -15,   4,  16,  -8,-748,   5, 789
  -1,  57,  51, -41, -32,  54,  24, -45, -27, -12,   7,  20,  -8,-423,  16, 788
   3,  60,  50, -45, -30,  55,  26, -44, -27, -12,   7,  20,  -5,-216, -29, 788
  11,  65,  47, -52, -25,  56,  23, -41, -29, -14,   5,  18,  -6, -73, -20, 788
  21,  73,  45, -60, -18,  58,  16, -42, -30, -13,   3,  17,  -6, 836, -18, 788
  30,  83,  47, -70, -15,  65,  11, -44, -26, -10,   4,  19,  -9, 280,   8, 787
  34,  93,  53, -78, -16,  73,   9, -43, -21,  -5,   7,  21, -11,-114,   9, 787
  37, 103,  59, -84, -17,  81,   5, -42, -17,  -0,  10,  24,  -6, -31, -20, 786
  39, 113,  68, -90, -21,  91,   0, -40, -15,   3,  14,  28,  -6, 104,  -1, 786
  39, 122,  77, -94, -26, 100,  -3, -38, -13,   7,  19,  32,  -9, 250, -14, 786
  35, 131,  89, -96, -35, 110,  -6, -36, -11,  11,  25,  35, -11, 178, -26, 785
  30, 138, 101, -97, -43, 120, -10, -35,  -8,  17,  34,  41, -11,  39, -22, 784
  28, 145, 110,-100, -48, 127, -15, -36,  -5,  22,  41,  46,  -8,-839,   2, 784
  33, 150, 110,-106, -45, 130, -19, -37,  -4,  25,  43,  48,  -3,-301,  -3, 783
  39, 153, 107,-110, -41, 130, -27, -42,  -6,  25,  41,  49,  -8,-193, -18, 783
  44, 156, 105,-114, -38, 131, -38, -47,  -9,  25,  40,  49,  -8, 399,  -9, 782
  45, 159, 106,-116, -38, 133, -43, -48, -11,  24,  41,  50,  -8, 507,  -9, 782
  45, 161, 108,-117, -39, 136, -44, -51, -13,  23,  42,  51, -11,-372,  -9, 781
  46, 163, 109,-119, -38, 137, -47, -54, -17,  21,  42,  52,  -8, 462,   3, 781
  43, 163, 112,-117, -41, 138, -52, -55, -20,  20,  43,  54,  -9, 424, -22, 781
  41, 161, 112,-115, -42, 136, -58, -57, -24,  18,  44,  56,  -8,-927,  -3, 781
  41, 160, 111,-114, -41, 135, -66, -58, -28,  15,  44,  58,  -9,-583,  14, 781
  46, 163, 109,-118, -38, 136, -74, -60, -27,  13,  43,  59,  -6,-250, -20, 780
  56, 170, 106,-127, -32, 138, -83, -64, -28,  12,  41,  58,  -6, -18, -12, 780
  65, 177, 103,-135, -25, 140, -95, -70, -33,   9,  38,  56,  -6, 892,  -3, 779
  73, 182, 101,-141, -20, 141,-106, -75, -39,   9,  38,  56,  -5, 402,  -6, 779
  78, 185, 100,-145, -18, 143,-114, -78, -41,  10,  40,  58,  -5,  65,  14, 779
  78, 187, 103,-147, -19, 145,-118, -80, -43,  10,  42,  60,  -9,-125,  -8, 779
  76, 188, 105,-146, -21, 147,-123, -85, -43,  10,  43,  63,  -8,-289,   0, 778
  72, 189, 109,-144, -25, 149,-126, -88, -43,  11,  46,  68,  -8, -46, -34, 778
  66, 189, 115,-142, -32, 153,-127, -90, -44,  10,  47,  71,  -8, 263, -29, 778
  63, 189, 120,-140, -35, 155,-130, -94, -47,   8,  46,  69,  -5, 274, -20, 778
  64, 188, 117,-140, -33, 152,-134, -99, -51,   5,  44,  66,  -5,-736,   6, 777
  72, 186, 108,-143, -25, 146,-139,-102, -56,   2,  42,  63,  -5,-260,  12, 777
  79, 185,  99,-146, -17, 142,-142,-102, -55,   2,  43,  62,  -5,-159,  -6, 777
  85, 186,  94,-150, -11, 140,-141,-100, -51,   6,  45,  64,  -6, 515, -23, 776
  86, 187,  94,-150, -11, 140,-137, -95, -45,  13,  52,  70,  -6, 385, -32, 776
  86, 189,  97,-151, -13, 143,-135, -90, -39,  18,  58,  76,  -8,-144,  16, 776
  86, 193,  99,-153, -14, 146,-133, -86, -36,  21,  62,  81,  -9,   0,   5, 776
  81, 193, 105,-151, -20, 150,-130, -81, -32,  25,  67,  85, -11, 111, -12, 776
  75, 193, 111,-148, -25, 151,-131, -78, -29,  28,  69,  88,  -9,-828,  -6, 775
  72, 194, 115,-147, -28, 154,-131, -75, -24,  32,  72,  91,  -8,-488, -26, 775
  75, 198, 115,-150, -27, 156,-129, -73, -21,  33,  73,  93,  -6, -93, -20, 774
  83, 203, 112,-157, -21, 158,-132, -77, -24,  31,  71,  92,  -6, 212,   3, 774
  92, 207, 108,-164, -15, 158,-137, -84, -28,  29,  68,  89,  -3, 850,  -5, 773
  94, 208, 106,-165, -13, 158,-143, -91, -33,  28,  66,  87,  -3, 524,  -1, 773
  89, 205, 108,-160, -17, 157,-148, -97, -38,  26,  66,  86,  -8, 142, -15, 772
  82, 202, 113,-156, -23, 158,-152,-101, -42,  25,  65,  86,  -6,-209, -17, 772
  77, 203, 119,-153, -28, 161,-155,-103, -43,  26,  68,  88,  -5,-426,   6, 771
  71, 202, 124,-150, -34, 163,-153,-105, -45,  26,  69,  90,  -3,-170,  -1, 771
  61, 196, 128,-142, -40, 162,-150,-108, -47,  24,  70,  91,  -3, 274, -22, 770
  52, 188, 128,-133, -45, 158,-150,-110, -50,  21,  69,  91,  -5, 216, -18, 770
  48, 178, 123,-127, -44, 151,-154,-114, -55,  15,  66,  88,  -6,-734,  17, 769
  51, 173, 115,-125, -39, 144,-160,-118, -57,  10,  62,  83,  -3,-196, -15, 769
  52, 169, 110,-124, -36, 139,-162,-114, -54,  10,  61,  82,  -8,  50, -22, 768
  54, 163, 102,-123, -30, 133,-159,-110, -50,  12,  61,  81,  -9, 468, -20, 767
  55, 155,  93,-119, -26, 124,-155,-103, -48,  14,  62,  81,  -8, 348,   9, 767
  53, 149,  88,-115, -24, 119,-154, -96, -45,  18,  64,  83,  -9,-107, -14, 767
  52, 145,  85,-112, -23, 115,-151, -92, -42,  20,  64,  83,  -9,  22, -11, 767
  46, 139,  85,-107, -26, 113,-146, -87, -40,  17,  65,  85, -12, 153,   0, 766
  43, 134,  83,-102, -26, 109,-144, -84, -39,  14,  65,  86,  -9,-896,  -5, 766
  40, 126,  79, -97, -26, 103,-143, -81, -40,  11,  63,  86,  -9,-595, -18, 766
  40, 116,  69, -92, -21,  93,-144, -81, -42,   7,  59,  82,  -6,-219, -14, 765
  47, 109,  56, -91, -11,  82,-146, -84, -44,   2,  53,  77,  -5, 165,   9, 765
  58, 104,  39, -95,   3,  72,-150, -88, -53,  -5,  46,  71,  -6,1184,  14, 765
  66, 101,  28, -97,  12,  65,-149, -94, -61, -11,  41,  67,  -9, 385, -23, 764
  65,  96,  24, -94,  13,  60,-141,-100, -62, -12,  38,  64, -11,   3, -25, 764
  58,  88,  23, -86,  11,  56,-133,-102, -63, -13,  34,  61,  -9, -80, -22, 764
  49,  80,  24, -78,   6,  52,-126,-104, -65, -15,  31,  58,  -8,-280,  -3, 763
  39,  75,  27, -71,  -1,  51,-118,-106, -68, -19,  27,  55, -11,-151, -26, 763
  27,  69,  34, -62, -10,  51,-111,-111, -71, -22,  24,  51,  -8, 162,   6, 763
  18,  63,  36, -55, -15,  49,-107,-116, -77, -27,  20,  47,  -6, 305,  -1, 762
  14,  54,  32, -48, -16,  43, -98,-118, -80, -31,  17,  42,  -6,-1039,  -3, 762
  15,  42,  20, -42,  -9,  31, -94,-118, -84, -35,  12,  35,  -6,  50,  14, 762
  16,  31,   8, -37,  -3,  20, -91,-120, -87, -39,   7,  30,  -8, 233,  12, 761
  15,  22,  -0, -32,   1,  11, -91,-121, -89, -43,   3,  25,  -6, 462, -32, 761
  12,  13,  -6, -27,   2,   4, -90,-119, -89, -46,  -0,  22,  -8, 161, -48, 761
   8,   4, -11, -19,   3,  -3, -86,-119, -93, -51,  -3,  19, -11,-335,   0, 761
   3,  -7, -17, -12,   4, -12, -82,-121, -99, -56,  -7,  16,  -8, -68,   6, 761
  -3, -18, -22,  -3,   3, -20, -77,-122, -99, -57,  -9,  15,  -6, 261,  -1, 761
  -9, -31, -28,   7,   3, -30, -73,-121, -99, -61, -11,  12,  -8,-740, -14, 760
 -15, -43, -35,  16,   3, -39, -69,-121,-100, -65, -16,   8,  -8,-372,  -8, 759
 -15, -53, -45,  21,   8, -48, -68,-119,-102, -71, -23,   1,  -5,-120,  -9, 759
  -9, -58, -56,  20,  17, -56, -71,-123,-106, -77, -31,  -7,  -6,  28,  14, 758
   0, -58, -65,  16,  26, -61, -76,-128,-110, -81, -38, -15,  -9, 898,  -8, 758
   6, -55, -69,  11,  31, -61, -80,-130,-110, -81, -40, -19,  -9, 329, -31, 757
   4, -54, -65,  11,  28, -59, -79,-126,-108, -79, -40, -20,  -8,  23, -14, 757
  -2, -55, -60,  15,  23, -57, -78,-122,-105, -77, -38, -21,  -6, -99,   2, 757
  -9, -58, -57,  20,  17, -57, -77,-120,-105, -77, -39, -22,  -8,-307,  -1, 756
 -13, -58, -52,  23,  13, -55, -77,-120,-105, -78, -40, -23,  -9,-110, -22, 756
 -19, -59, -47,  26,   7, -53, -78,-120,-108, -80, -40, -23,  -8, 271, -26, 755
 -24, -60, -43,  29,   3, -51, -80,-123,-111, -83, -41, -23,  -8, 390,   5, 754
 -26, -63, -45,  31,   3, -53, -83,-128,-116, -87, -45, -27,  -5,-614,   5, 754
 -22, -66, -52,  31,   8, -58, -86,-132,-119, -92, -50, -34,  -6,-255,  -5, 754
 -18, -69, -59,  30,  14, -64, -88,-133,-121, -96, -54, -39,  -6,-260,  -6, 753
 -14, -72, -66,  29,  20, -68, -87,-131,-123,-100, -58, -42,  -5, 414,  -8, 752
 -13, -73, -67,  30,  21, -70, -86,-128,-121, -99, -58, -44,  -6, 289, -11, 752
 -13, -74, -69,  30,  22, -71, -87,-125,-118, -99, -58, -45,  -9,-261,  -9, 752
 -12, -75, -72,  30,  24, -73, -85,-123,-117, -99, -60, -46,  -8, 101,   3, 752
 -14, -77, -70,  32,  22, -73, -80,-119,-115, -97, -58, -45,  -9, 360,   2, 751
 -18, -79, -68,  35,  18, -73, -77,-115,-114, -95, -57, -42,  -8,-587, -17, 751
 -25, -84, -66,  42,  14, -74, -75,-112,-114, -94, -56, -40,  -6,-239, -25, 750
 -27, -87, -66,  44,  13, -77, -77,-112,-115, -96, -57, -42,  -6,-209, -17, 750
 -23, -85, -68,  42,  16, -76, -83,-117,-117, -98, -61, -46,  -6,-199, -14, 749
 -18, -83, -72,  38,  21, -77, -89,-122,-119, -99, -65, -51,  -5, 719,  12, 750
 -15, -85, -77,  37,  25, -80, -93,-127,-122, -99, -67, -55,  -5, 206,   5, 750
 -18, -90, -79,  41,  24, -84, -95,-130,-124,-100, -69, -58,  -6,  65,  -9, 749
 -22, -94, -79,  46,  21, -86, -93,-132,-125,-101, -70, -59,   0,  59,  -3, 749
 -27, -94, -75,  48,  17, -85, -89,-132,-125,-101, -69, -60,   0,-255,  -5, 749
 -31, -92, -68,  50,  11, -80, -84,-131,-122,-100, -69, -60,  -8,  62, -32, 748
 -36, -87, -57,  49,   4, -72, -79,-126,-119, -99, -67, -60, -11, 280, -25, 748
 -36, -79, -50,  45,   0, -64, -75,-123,-116, -97, -65, -59, -11, 232,  -9, 748
 -31, -72, -48,  39,   2, -60, -72,-121,-117, -98, -64, -59,  -8,-824, -14, 748
 -20, -68, -56,  31,  11, -62, -74,-122,-116, -98, -64, -60,  -8,-366,  -6, 747
 -12, -66, -62,  26,  19, -64, -77,-121,-113, -97, -64, -60,  -6,-147,   3, 747
  -8, -67, -67,  24,  23, -67, -77,-118,-112, -97, -65, -61,  -6, 526,  -1, 747
 -11, -70, -67,  28,  21, -69, -76,-116,-113,-100, -67, -61,  -8, 396, -25, 746
 -18, -75, -65,  33,  17, -70, -74,-116,-114,-103, -69, -62,  -8,-258, -25, 746
 -23, -81, -67,  39,  15, -74, -72,-117,-116,-107, -72, -63,  -9,  71,   5, 746
 -30, -90, -68,  47,  12, -79, -69,-117,-116,-108, -72, -62, -11, 584, -20, 746
 -35, -98, -71,  54,  11, -84, -65,-115,-117,-111, -73, -60,  -9,-768,  -1, 746
 -41,-107, -73,  61,  10, -90, -62,-114,-117,-112, -75, -60,  -8,-623,  17, 746
 -42,-111, -78,  63,  12, -94, -62,-114,-118,-115, -79, -62,  -5,-273,   3, 745
 -36,-109, -82,  60,  16, -96, -66,-118,-119,-117, -82, -65,  -5, -18, -18, 745
 -31,-108, -86,  57,  21, -97, -70,-121,-119,-118, -85, -68,  -5, 850,   0, 745
 -28,-108, -88,  55,  24, -99, -73,-122,-118,-117, -87, -70,  -6, 335,  -6, 745
 -28,-107, -86,  54,  22, -97, -71,-120,-117,-113, -85, -70,  -8,  97, -18, 744
 -29,-103, -80,  52,  19, -91, -64,-117,-117,-109, -80, -66,  -9,-235, -17, 744
 -30,-100, -76,  52,  16, -88, -57,-115,-113,-104, -72, -62,  -9,-145,  -1, 744
 -35,-100, -71,  54,  11, -85, -54,-114,-110,-102, -71, -60,  -8, 258, -12, 743
 -40,-100, -66,  57,   6, -83, -55,-114,-110,-102, -73, -60,  -6, 233, -14, 742
 -41, -98, -63,  56,   4, -81, -56,-114,-112,-102, -73, -61,  -5, 133, -22, 742
 -40, -97, -64,  55,   6, -81, -58,-119,-116,-104, -74, -62,  -5,-762,  -9, 742
 -36, -99, -70,  54,  11, -85, -63,-122,-121,-107, -76, -65,  -5,-341, -14, 742
 -33,-100, -76,  53,  15, -88, -67,-123,-121,-108, -76, -66,  -6,-171, -17, 742
 -29, -99, -79,  51,  19, -89, -71,-123,-121,-108, -76, -66,  -5, 495,   0, 741
 -27, -97, -78,  49,  19, -88, -71,-122,-121,-106, -74, -67,  -6, 465,  14, 741
 -26, -94, -75,  47,  18, -84, -71,-119,-119,-102, -71, -64,  -8,-131,  -5, 741
 -24, -90, -73,  44,  17, -81, -69,-113,-114, -99, -68, -61,  -9,-103, -29, 740
 -25, -87, -69,  43,  15, -78, -66,-106,-105, -94, -63, -56,  -6, 260, -20, 740
 -28, -89, -68,  46,  12, -78, -64,-104,-101, -94, -61, -53,  -8,-790,   5, 740
 -35, -94, -66,  51,   9, -80, -62,-103,-100, -94, -61, -53,  -8,-349,  -3, 740
 -39, -99, -68,  56,   7, -83, -57,-102,-102, -95, -64, -56,  -8, -85,   5, 739
 -39,-101, -69,  56,   8, -84, -57,-103,-102, -96, -67, -59,  -8, -34,  -6, 739
 -40,-102, -70,  58,   8, -86, -57,-107,-103, -98, -71, -64,  -5, 764,  -9, 739
 -43,-107, -71,  61,   7, -89, -57,-108,-105,-101, -74, -68,  -6, 232,  -1, 739
 -49,-112, -71,  68,   4, -92, -57,-112,-109,-104, -77, -71,  -9,  26,  -6, 739
 -55,-116, -68,  72,  -0, -92, -55,-115,-117,-107, -79, -73,  -8,  25, -18, 739
 -56,-114, -65,  72,  -3, -90, -51,-119,-120,-106, -80, -74,  -6,-137, -23, 739
 -56,-111, -62,  71,  -4, -87, -51,-121,-119,-107, -78, -73, -11,-122,  -9, 739
 -59,-110, -58,  71,  -8, -84, -50,-124,-121,-110, -78, -72,  -6, 182,  -3, 739
 -58,-107, -56,  69,  -8, -81, -50,-129,-125,-112, -79, -72,  -9, 254,  -9, 739
 -49, -99, -57,  60,  -2, -78, -53,-131,-124,-111, -77, -71,  -9,-827,  -8, 739
 -32, -89, -65,  47,  10, -77, -56,-130,-121,-109, -74, -68,  -6,-221,   0, 739
 -20, -84, -72,  38,  20, -78, -58,-127,-118,-107, -73, -66,  -6, -86,  -8, 739
 -10, -80, -76,  31,  26, -78, -57,-121,-114,-105, -72, -65,  -9, 620,  -8, 739
  -5, -72, -73,  25,  28, -73, -53,-116,-109,-102, -69, -62,  -9, 662,  -8, 738
  -3, -66, -70,  22,  27, -68, -50,-111,-106, -99, -65, -57,  -8,-205,   2, 738
  -4, -65, -68,  22,  25, -66, -49,-108,-104, -97, -65, -55, -11,-176, -15, 738
 -12, -67, -62,  26,  18, -65, -45,-106,-102, -95, -62, -52, -12, 176,  -6, 738
 -20, -73, -59,  33,  13, -66, -42,-102,-101, -95, -62, -50, -12,-913,   0, 738
 -27, -78, -57,  39,   9, -67, -38, -99,-100, -96, -63, -51, -12,-450, -14, 739
 -30, -80, -57,  42,   7, -68, -36, -97,-102,-101, -69, -55, -12, -80, -20, 739
 -26, -77, -58,  38,  10, -67, -36, -97,-106,-106, -77, -61,  -6,-168,  -3, 738
 -21, -74, -60,  35,  12, -67, -34, -93,-108,-112, -86, -71,   5, 988,  14, 738
 -21, -75, -61,  35,  13, -68, -29, -84,-105,-116, -93, -81,   9, 444, -11, 738
 -23, -76, -60,  37,  11, -68, -23, -68, -98,-117, -99, -88,   8,  79, -15, 738
 -27, -78, -58,  39,   9, -68, -15, -46, -85,-116,-103, -94,   8,-131,  -6, 738
 -33, -82, -56,  45,   5, -69,   0, -21, -72,-117,-110,-103,   6,-343,  -5, 738
 -41, -88, -53,  52,  -1, -71,  22,   4, -61,-119,-117,-112,   8,-171, -11, 737
 -49, -92, -50,  57,  -6, -71,  42,  31, -48,-120,-123,-120,  12, 306,   9, 738
 -52, -93, -47,  59,  -9, -70,  59,  55, -32,-117,-127,-127,  11, 283, -29, 737
 -50, -94, -50,  58,  -6, -72,  73,  74, -16,-111,-129,-134,  11,-879, -34, 737
 -43, -99, -62,  57,   3, -81,  84,  91,   0,-104,-132,-140,  12,-185,   6, 737
 -35,-106, -77,  57,  15, -92,  93, 109,  22, -91,-129,-144,   9, 247,   0, 737
 -29,-115, -91,  58,  25,-103,  98, 125,  48, -72,-123,-144,   6, 660, -35, 737
 -28,-124,-102,  62,  31,-113, 100, 137,  74, -48,-113,-142,   0, 288,  -1, 736
 -29,-133,-111,  68,  35,-123, 101, 142,  99, -23,-101,-139, -14,-280,  14, 736
 -27,-142,-121,  71,  40,-132, 102, 143, 122,   3, -89,-136, -22,-154,  -9, 736
 -29,-151,-128,  77,  43,-140, 107, 145, 148,  34, -73,-128, -18, 213,  -5, 736
 -31,-160,-136,  83,  46,-148, 114, 152, 180,  68, -54,-119,  -8,-869,   2, 736
 -32,-168,-142,  87,  48,-155, 124, 163, 222, 107, -34,-110,  -8,-417,   0, 735
 -30,-172,-148,  88,  53,-160, 131, 179, 272, 149, -15,-103, -17,-137,   3, 735
 -22,-168,-152,  82,  59,-160, 135, 192, 323, 195,   7, -96, -15,  23, -26, 735
 -13,-161,-154,  74,  65,-157, 136, 197, 372, 243,  30, -87, -20,1275, -26, 734
  -7,-152,-152,  67,  66,-151, 137, 190, 412, 293,  57, -74, -34, 391,   3, 734
  -5,-140,-142,  60,  62,-140, 138, 176, 450, 345,  90, -52, -34,-116,  -5, 735
  -4,-126,-129,  52,  56,-127, 139, 157, 487, 400, 126, -28, -29,-196, -14, 734
  -2,-109,-114,  42,  49,-110, 131, 135, 525, 459, 167,   2, -17,-324,  -9, 734
  -1, -85, -92,  30,  39, -87, 115, 107, 564, 523, 214,  37, -22,-125, -20, 734
  -1, -58, -64,  16,  25, -59,  90,  70, 605, 592, 267,  77, -31, 371,  -1, 734
   1, -29, -37,   1,  12, -31,  53,  24, 642, 662, 321, 120, -26, 359, -11, 734
   6,  -1, -14, -16,   4,  -6,   6, -28, 673, 732, 378, 164, -15,-750,   2, 734
  19,  23,  -3, -34,   4,  11, -50, -84, 702, 798, 434, 207,  -6,-457,  -6, 734
  33,  41,   1, -50,   9,  21,-112,-143, 727, 859, 487, 248, -22,-213,  -8, 734
  47,  58,   5, -66,  14,  32,-177,-201, 750, 916, 536, 287,  -8, 465, -20, 734
  57,  75,  12, -79,  16,  44,-243,-256, 771, 969, 582, 327,  17, 458, -29, 734
  63,  87,  18, -88,  16,  53,-308,-311, 790,1017, 625, 363,   6,-131,  -3, 734
  70,  96,  20, -96,  18,  58,-377,-364, 806,1058, 660, 394, -29, -62,  -9, 734
  72, 103,  26,-101,  17,  65,-446,-411, 826,1097, 695, 426, -43, 298, -12, 734
  73, 112,  33,-106,  14,  72,-517,-452, 848,1133, 727, 456, -46,-873,   2, 734
  75, 122,  41,-112,  11,  82,-586,-489, 867,1162, 754, 483, -48,-498, -23, 734
  81, 131,  43,-120,  13,  87,-653,-525, 878,1179, 772, 504, -69, -97,  -5, 734
  93, 136,  37,-129,  22,  87,-716,-556, 886,1187, 782, 517, -91,   9,  11, 734
 106, 141,  30,-138,  32,  85,-774,-588, 886,1184, 786, 525,-113, 876,  -6, 734
 113, 145,  26,-143,  38,  85,-829,-623, 877,1174, 786, 533,-117, 280,  -3, 733
 114, 146,  26,-144,  38,  86,-875,-657, 866,1162, 784, 540, -83,  63, -11, 733
 114, 145,  24,-143,  39,  84,-914,-685, 855,1144, 779, 545, -76,-256,  22, 733
 117, 141,  17,-143,  44,  79,-948,-708, 842,1118, 768, 545,-113,-159, -29, 733
 122, 139,  11,-144,  49,  75,-975,-723, 830,1086, 751, 542,-158,  -6, -34, 732
 123, 140,  11,-145,  49,  75,-995,-734, 823,1055, 732, 536,-176, 416, -12, 732
 122, 141,  13,-145,  48,  76,-1012,-739, 819,1021, 711, 527,-103, 567,   8, 732
 119, 139,  13,-143,  47,  75,-1031,-749, 804, 978, 683, 513,  40,-748,   3, 732
 121, 135,   8,-142,  50,  71,-1045,-765, 765, 919, 644, 492,  19,-519,  -8, 731
 118, 131,   7,-138,  49,  69,-1053,-792, 709, 847, 594, 464,-153,-252, -37, 731
 109, 127,  13,-132,  41,  70,-1053,-823, 638, 760, 536, 428,-300, 420,  -8, 731
  92, 121,  23,-120,  27,  72,-1042,-855, 553, 663, 472, 388,-369, 461,  11, 731
  72, 115,  37,-107,  10,  76,-1025,-894, 452, 560, 406, 349,  14, -35,  -3, 731
  51, 115,  57, -97, -10,  86,-1003,-938, 340, 452, 339, 309, 708, -96, -29, 730
  28, 117,  83, -86, -35, 100,-977,-980, 227, 351, 278, 274,1289, 541,  -8, 730
   4, 119, 110, -75, -60, 115,-953,-1016, 119, 256, 222, 242,1884,-740,   6, 730
 -19, 122, 134, -66, -84, 128,-932,-1047,  16, 167, 169, 211,2700,-414, -18, 730
 -36, 129, 157, -61,-104, 144,-918,-1075, -81,  85, 119, 180,3164,-114,  -6, 730
 -44, 143, 179, -64,-119, 161,-913,-1105,-179,   8,  75, 154,1858,   3,   9, 729
 -44, 164, 200, -74,-129, 182,-908,-1133,-275, -62,  40, 136,-910, 793, -14, 729
 -44, 189, 225, -87,-141, 207,-900,-1156,-363,-120,  16, 127,-2464, 300, -20, 729
 -50, 212, 252, -95,-158, 232,-890,-1177,-442,-166,   1, 122,-3165, -68, -18, 728
 -56, 230, 277,-101,-173, 254,-877,-1189,-509,-203,  -9, 121,-3165,-505,   5, 728
 -60, 249, 300,-108,-187, 274,-864,-1200,-569,-234, -19, 118,-2277,-320,   2, 727
 -64, 267, 323,-116,-200, 295,-842,-1206,-619,-261, -29, 115, 476,  71, -14, 727
 -70, 284, 345,-121,-215, 314,-814,-1204,-655,-281, -37, 111,1714, 413,  -6, 727
 -72, 301, 365,-129,-225, 333,-788,-1201,-680,-293, -40, 108,1668, 255, -26, 727
 -70, 315, 377,-137,-230, 346,-764,-1196,-699,-297, -40, 108,1170,-700,   0, 726
 -63, 321, 377,-143,-227, 349,-745,-1188,-709,-301, -42, 105, 618,-408,  -3, 726
 -60, 321, 373,-144,-224, 347,-727,-1180,-713,-304, -46,  98, 243,-212,  -9, 726
 -59, 318, 368,-143,-221, 343,-707,-1163,-711,-306, -51,  90,  43, 396, -25, 726
 -61, 309, 361,-138,-218, 334,-681,-1135,-701,-306, -55,  83,   9, 326,   6, 725
 -64, 295, 350,-129,-214, 322,-652,-1098,-686,-307, -60,  75,  -6,-100,  -8, 725
 -65, 280, 335,-121,-207, 306,-622,-1055,-668,-308, -67,  67, -26,-141,  -3, 725
 -68, 262, 321,-110,-202, 290,-589,-1009,-648,-307, -71,  60, -60, 898,  19, 725
 -72, 241, 304, -98,-195, 271,-557,-961,-628,-307, -76,  52, -80,-644,  -9, 724
 -75, 221, 287, -87,-187, 253,-525,-912,-609,-307, -81,  45, -69,-487, -26, 724
 -71, 205, 267, -80,-175, 234,-498,-863,-589,-306, -85,  39, -68,-241, -32, 724
 -58, 194, 244, -82,-157, 218,-478,-818,-570,-304, -89,  31, -83,-164,  -3, 723
 -43, 185, 221, -85,-138, 202,-460,-780,-552,-303, -94,  22, -96, 720,  -3, 723
 -33, 175, 200, -85,-123, 187,-443,-747,-540,-303, -98,  15, -93, 346,  -9, 723
 -27, 164, 183, -82,-111, 173,-426,-716,-529,-302,-102,  10, -40, 133, -12, 722
 -25, 154, 171, -78,-104, 162,-405,-689,-523,-302,-105,   5,  17,  -1,  11, 722
 -28, 146, 165, -72,-103, 155,-382,-661,-513,-300,-105,   2,  25,-196,   3, 721
 -35, 138, 164, -65,-106, 150,-359,-629,-497,-295,-105,  -1,  11,-221, -14, 721
 -39, 133, 162, -60,-107, 147,-336,-592,-474,-285,-103,  -4,  12, 232,  -6, 720
 -37, 131, 159, -61,-104, 145,-312,-553,-449,-275, -99,  -6,  28, 312, -43, 720
 -31, 128, 151, -62, -98, 139,-290,-517,-427,-265, -97,  -8,  40,-657,  -9, 719
 -25, 118, 134, -61, -86, 125,-273,-484,-405,-256, -96, -14,  43,-312, -26, 719
 -17, 107, 115, -59, -72, 111,-258,-451,-386,-249, -97, -22,  36,-120,   6, 719
 -10, 100, 102, -58, -63, 101,-242,-420,-368,-244,-100, -29,  36, 455,  17, 718
  -8,  96,  96, -58, -58,  96,-224,-390,-348,-238,-102, -35,  40, 399, -20, 716
 -10,  89,  91, -53, -57,  90,-203,-360,-329,-232,-103, -40,  36,-153, -31, 716
 -11,  82,  84, -49, -54,  83,-181,-329,-310,-224,-104, -46,  33,   3, -15, 715
 -14,  74,  80, -43, -53,  77,-158,-299,-291,-217,-103, -49,  25, 416,  11, 714
 -18,  66,  76, -37, -54,  71,-137,-271,-274,-210,-102, -53,  14,-920, -14, 714
 -22,  58,  72, -31, -54,  65,-115,-245,-257,-205,-103, -57,   8,-502,   5, 713
 -25,  49,  65, -25, -51,  57, -97,-223,-243,-200,-105, -63,   2,-349,   2, 713
 -22,  44,  56, -24, -45,  50, -83,-203,-231,-193,-106, -69,  -3,   6,  -8, 712
 -18,  44,  53, -26, -42,  49, -74,-185,-218,-184,-104, -73,  -9,1104,   6, 712
 -19,  46,  56, -27, -44,  51, -65,-166,-205,-174, -99, -72, -12, 383, -26, 712
 -26,  47,  64, -24, -51,  55, -56,-152,-194,-164, -93, -69,  -8, 345, -15, 711
 -33,  48,  72, -21, -59,  59, -50,-143,-188,-156, -86, -65,  -6, -93,   6, 710
 -39,  45,  76, -17, -64,  60, -46,-136,-185,-149, -78, -60,  -9,-428,  -1, 709
 -46,  43,  80, -12, -70,  61, -40,-131,-179,-141, -72, -57,  -9,-324, -39, 708
 -54,  40,  85,  -6, -77,  63, -29,-122,-171,-135, -70, -54,  -8, 252, -20, 707
 -57,  40,  87,  -5, -79,  63, -20,-113,-162,-128, -67, -51,  -5, 301,   2, 707
 -53,  41,  85,  -7, -75,  62, -12,-101,-150,-119, -60, -46,  -6,-644,  11, 706
 -41,  42,  74, -14, -63,  58,  -4, -86,-136,-109, -55, -43,  -8,-468,   3, 705
 -27,  43,  61, -22, -50,  52,   6, -68,-122, -99, -50, -42,  -9, -86,  -5, 705
 -16,  41,  48, -26, -37,  44,  16, -51,-109, -93, -47, -43, -11, 495, -17, 705
 -10,  37,  39, -26, -31,  37,  27, -36, -97, -88, -46, -45,  -9, 566, -18, 704
  -9,  32,  33, -25, -27,  32,  37, -22, -88, -83, -44, -46,  -9,-137, -12, 703
  -7,  27,  25, -24, -22,  26,  42, -11, -81, -80, -44, -48,  -5,-178,  -8, 703
  -7,  19,  17, -20, -18,  18,  47,  -1, -73, -76, -43, -48,  -5,  88,  -9, 703
  -9,   9,   9, -13, -15,   8,  55,  10, -66, -73, -42, -49,  -6,-1256,  -6, 702
 -13,  -2,   2,  -6, -14,   0,  64,  22, -59, -70, -42, -50,  -5, 824,  -1, 702
 -13,  -9,  -4,  -2, -12,  -6,  72,  32, -51, -68, -43, -52,  -5,-1091,   9, 701
 -12, -11,  -6,  -1, -10,  -8,  75,  38, -45, -65, -43, -55,  -6, 910,   2, 700
 -12, -12,  -7,  -1, -10,  -9,  76,  44, -40, -62, -44, -58,  -3,  22,  -6, 700
 -13, -14,  -8,   1, -10, -11,  76,  50, -35, -60, -44, -59,  -6,1257, -25, 699
 -16, -20, -10,   5, -10, -15,  77,  54, -31, -59, -45, -61,  -6, 340, -23, 698
 -20, -26, -13,  10, -11, -19,  77,  54, -31, -60, -48, -63,  -6,-528,  -9, 698
 -21, -29, -16,  12, -10, -23,  76,  54, -33, -61, -51, -66, -12,-685,  -5, 697
 -22, -30, -16,  14, -10, -23,  78,  57, -34, -61, -51, -66, -14,-369, -20, 697
 -27, -30, -12,  16, -15, -21,  82,  60, -35, -61, -51, -65, -11, 254, -17, 697
 -31, -29,  -7,  17, -19, -18,  84,  62, -33, -59, -48, -64,  -9, 300,   2, 696
 -31, -28,  -4,  17, -20, -16,  86,  66, -29, -56, -44, -63,  -3,-555,   5, 696
 -25, -28, -11,  14, -14, -19,  87,  69, -26, -55, -43, -63,  -6,-546,  12, 695
 -19, -30, -19,  11,  -7, -24,  88,  72, -26, -54, -43, -65,  -3, 352,  -3, 694
 -16, -31, -23,  10,  -3, -27,  92,  77, -25, -52, -42, -64,  -5, 540,  -5, 693
 -14, -29, -23,   8,  -3, -26,  97,  82, -21, -50, -39, -62,  -8, 260, -35, 692
 -14, -27, -21,   6,  -3, -23, 101,  84, -17, -46, -36, -60,  -8,-275, -31, 691
 -13, -25, -21,   5,  -3, -22, 105,  88, -13, -43, -34, -59,  -9,-204, -17, 691
 -17, -28, -19,  10,  -7, -24, 110,  93,  -5, -40, -31, -57, -11, 374,  -9, 691
 -28, -37, -18,  19, -12, -28, 110,  98,  -2, -39, -31, -57,  -9,-759,  22, 690
 -39, -48, -17,  30, -18, -33, 112, 102,   0, -38, -32, -57,  -5,-375,  17, 690
 -44, -55, -19,  37, -19, -38, 115, 105,   1, -38, -33, -60,  -6,-139,  -3, 689
 -43, -59, -23,  38, -16, -41, 114, 107,   2, -40, -36, -64,  -8,-117, -29, 688
  13, -58, -81,   6,  45, -71,  86,  84, -18, -59, -61, -96,  -3,3164,-476, 687
 173, -43,-221, -78, 191,-132,   8,  31, -65, -88,-108,-155, -11,-3165,   8, 686
  96, -37,-139, -41, 107, -86,  38,  61, -38, -50, -78,-124,  -9,-3165, 499, 686
 -75, -41,  25,  47, -61,  -6, 119, 120,  11,  -3, -23, -61,  -3,3164, 220, 685
-215, -50, 156, 121,-195,  54, 191, 169,  50,  22,  20,  -8,  -5,3164,  20, 685
-296, -56, 230, 164,-271,  87, 240, 202,  71,  29,  46,  26,  -8,3164,-120, 685
-328, -58, 260, 181,-301, 100, 268, 216,  81,  24,  60,  46,  -8,1567, -90, 684
-324, -58, 258, 178,-298,  99, 279, 218,  80,  12,  65,  54,  -9,-3165, -66, 683
-301, -58, 235, 167,-275,  88, 277, 219,  78,  -2,  64,  55,  -8,-3165, -12, 683
-267, -62, 196, 151,-238,  66, 265, 215,  73, -17,  58,  49,  -5,-3165, -12, 682
-230, -69, 154, 136,-198,  42, 254, 207,  63, -32,  50,  40,  -5,-2278,  -5, 681
-199, -75, 116, 124,-163,  20, 246, 200,  55, -46,  40,  30,  -6,-960, -31, 681
-173, -79,  86, 112,-136,   4, 237, 195,  53, -55,  34,  23,  -8,-334,   2, 681
-151, -80,  63, 103,-113,  -9, 227, 192,  53, -60,  31,  18,  -9,-733,   6, 680
-132, -83,  42,  95, -93, -21, 217, 188,  51, -67,  26,  11,  -8,-348, -18, 680
-118, -87,  24,  90, -78, -32, 213, 188,  52, -69,  23,   5,  -8, 464, -23, 679
-109, -92,   9,  88, -65, -42, 210, 189,  55, -70,  21,   1,  -9,-913,  -1, 679
-102, -98,  -3,  87, -56, -51, 208, 190,  57, -71,  18,  -3,  -8,-176,  17, 679
 -93,-100, -15,  83, -46, -58, 205, 190,  57, -74,  13,  -9,  -5,-187,  11, 678
 -78, -98, -28,  74, -31, -64, 199, 188,  52, -78,   8, -17,  -5,-286, -28, 677
 -59, -93, -41,  62, -15, -67, 191, 182,  46, -83,   1, -24,  -8, 629, -28, 676
 -42, -85, -51,  49,  -1, -68, 185, 175,  43, -84,  -2, -29,  -6, 371,   0, 676
 -31, -78, -54,  41,   6, -66, 183, 172,  47, -81,  -2, -31,  -6,  74,  -5, 676
 -25, -72, -55,  35,   8, -63, 183, 173,  50, -76,  -0, -31,  -8, -63, -11, 675
 -21, -66, -52,  30,   9, -59, 184, 175,  51, -73,   0, -32,  -9,-218, -15, 675
 -19, -61, -49,  26,   8, -54, 185, 175,  54, -71,   1, -33,  -8,-199, -37, 675
 -21, -57, -44,  25,   4, -50, 184, 177,  59, -69,   3, -33,  -8, 493,  -3, 674
 -22, -55, -41,  25,   3, -48, 179, 175,  60, -67,   3, -34,  -6, 345,  -8, 674
 -18, -53, -44,  22,   6, -49, 173, 172,  60, -67,   3, -36,  -5,-688,   3, 673
 -10, -54, -52,  18,  15, -53, 167, 170,  57, -68,   0, -39,  -5,-416,   3, 673
  -3, -55, -61,  15,  22, -58, 163, 169,  56, -69,  -1, -41,  -6,-151, -23, 673
   2, -55, -65,  13,  27, -61, 160, 170,  58, -67,  -1, -42,  -6, 672,  -9, 672
  36, -55, -99,  -5,  62, -78, 143, 159,  48, -76, -14, -59,  -6,2267,-210, 671
  52, -53,-113, -13,  75, -83, 134, 155,  44, -75, -20, -67, -11,-3165, 121, 671
  12, -55, -75,   9,  35, -64, 151, 170,  56, -63,  -9, -54,  -8,-969, 150, 670
 -40, -61, -29,  37, -13, -45, 176, 190,  72, -50,   5, -36,  -6,3164,  33, 670
 -77, -71,  -2,  61, -45, -36, 193, 205,  82, -44,  15, -24,  -6,3164, -42, 670
 -95, -78,  10,  73, -59, -34, 205, 213,  85, -44,  20, -17,  -8,1496, -35, 669
 -99, -83,   9,  78, -60, -38, 211, 215,  85, -47,  20, -16,  -6,-709, -31, 669
 -91, -84,   1,  74, -53, -42, 210, 213,  85, -50,  17, -21,  -6,-1385, -32, 668
 -80, -83, -10,  68, -42, -47, 203, 208,  81, -55,  11, -26,  -8,-397,  -3, 668
 -69, -83, -21,  64, -31, -53, 194, 205,  79, -56,   8, -31,  -6,-482,   6, 667
 -62, -87, -32,  62, -22, -60, 185, 202,  77, -58,   6, -35,  -8,-496, -31, 667
 -57, -90, -41,  60, -15, -65, 178, 200,  78, -58,   4, -38,  -9,-141, -23, 667
 -50, -89, -46,  57,  -9, -68, 172, 201,  76, -58,   4, -40,  -6,-527, -18, 668
 -44, -84, -47,  51,  -5, -65, 167, 200,  76, -58,   3, -40,  -9,  82,  -8, 668
 -40, -76, -43,  45,  -5, -59, 166, 201,  80, -56,   5, -39,  -8, 458,   2, 668
 -36, -65, -38,  37,  -6, -51, 167, 201,  83, -53,   7, -37,  -5, 169,  -9, 669
 -27, -55, -35,  27,  -2, -45, 168, 201,  86, -49,  10, -34,  -5,-830, -14, 669
 -15, -47, -40,  18,   6, -44, 167, 199,  87, -47,  13, -33,  -8,-513, -11, 669
  -6, -45, -47,  12,  14, -46, 164, 199,  88, -46,  13, -35,  -8,-205,   9, 669
   0, -47, -55,  10,  21, -51, 162, 200,  87, -46,  10, -37,  -6, 400,  -9, 670
   1, -48, -57,  11,  22, -52, 166, 204,  89, -45,  10, -35,  -5, 540, -20, 671
   1, -46, -54,  10,  21, -50, 173, 208,  93, -41,  11, -32,  -5, -85,   2, 672
   2, -43, -52,   7,  21, -47, 181, 211,  98, -37,  12, -30,  -8,-108, -14, 673
  -1, -42, -48,   9,  17, -45, 188, 214, 102, -33,  15, -27,  -8, 417, -14, 673
  -7, -45, -45,  13,  13, -45, 194, 213, 104, -32,  16, -27,  -8,-865, -11, 674
 -10, -49, -46,  17,  11, -48, 199, 213, 104, -32,  14, -28,  -8,-447, -17, 675
 -10, -53, -51,  19,  14, -52, 203, 213, 102, -35,  11, -30,  -6,-173,   2, 677
  -2, -54, -61,  15,  23, -57, 202, 209,  96, -39,   6, -35,  -6, -77,   9, 678
   6, -55, -69,  12,  31, -62, 198, 203,  90, -41,  -1, -42,  -6, 808, -15, 679
  10, -55, -73,  10,  35, -64, 194, 199,  85, -43,  -5, -46,  -6, 376,   6, 681
   8, -53, -69,  10,  32, -61, 191, 198,  84, -42,  -5, -47,  -9,  53, -11, 684
   9, -49, -66,   7,  31, -58, 188, 198,  85, -39,  -6, -48,  -6,2944,-114, 686
  52, -41,-100, -19,  70, -70, 167, 185,  78, -42, -17, -62, -11,-3165,-117, 689
  41, -32, -80, -17,  54, -56, 173, 195,  90, -28,  -9, -54, -11,-3165, 156, 692
  -8, -26, -25,   5,   1, -25, 196, 216, 111, -10,  10, -34,  -6,3164, 107, 694
 -52, -22,  21,  25, -44,  -1, 215, 232, 123,  -1,  24, -17,  -6,3164,   6, 698
 -74, -19,  46,  35, -68,  13, 225, 238, 128,   4,  33,  -6,  -5,3080, -37, 702
 -79, -21,  48,  37, -70,  13, 230, 239, 125,   1,  34,  -4,  -1, 326, -45, 706
 -73, -28,  36,  38, -61,   3, 231, 235, 119,  -6,  30,  -8,  -6,-739, -25, 711
 -65, -35,  21,  38, -49,  -8, 230, 232, 113, -13,  26, -13,  -5,-660, -18, 716
 -60, -40,  11,  37, -42, -16, 229, 230, 107, -18,  21, -19,  -6,-165, -17, 722
 -56, -44,   4,  37, -36, -21, 225, 228, 105, -22,  17, -23,  -8,-692,  -6, 729
 -52, -46,  -2,  36, -31, -25, 221, 229, 104, -24,  14, -26,  -8,-757,  -8, 735
 -51, -49,  -6,  37, -29, -27, 220, 234, 105, -24,  14, -26,  -9,  20, -22, 743
 -55, -53,  -6,  41, -31, -30, 222, 240, 109, -22,  17, -24,  -8,-1051,  -9, 750
 -55, -57, -10,  43, -30, -33, 222, 242, 113, -20,  16, -26,  -9,-521,   5, 759
 -49, -59, -18,  40, -22, -39, 217, 242, 113, -23,  13, -28,  -6,-226,  -1, 768
 -35, -56, -29,  32, -10, -42, 207, 239, 111, -26,   7, -34,  -1,-131,   6, 777
 -17, -46, -37,  18,   3, -41, 200, 235, 108, -28,   2, -40,  -3, 793,  -3, 787
  -2, -36, -42,   5,  13, -39, 198, 234, 108, -27,   0, -42,  -5, 570,  -9, 798
   6, -29, -43,  -2,  18, -36, 198, 235, 109, -24,   1, -41,  -8, 136,   2, 808
   9, -25, -42,  -5,  18, -33, 196, 237, 112, -19,   4, -40,  -8, -48,  -8, 820
   7, -23, -38,  -6,  15, -30, 193, 241, 115, -14,   6, -38,  -8,-230, -32, 832
   4, -20, -31,  -6,  11, -25, 190, 244, 120,  -8,  10, -36,  -9,-286,  -6, 844
  -1, -16, -22,  -6,   4, -19, 193, 249, 125,  -2,  14, -33,  -8, 264, -20, 857
  -6, -13, -14,  -5,  -2, -13, 198, 253, 129,   3,  19, -30,  -6, 365, -20, 871
  -9, -12, -12,  -3,  -5, -12, 201, 254, 130,   8,  24, -28,  -3,-691,   2, 884
  -6, -14, -15,  -4,  -2, -15, 198, 251, 128,   8,  23, -30,  -5,-457,   2, 899
  -2, -16, -20,  -5,   3, -18, 196, 250, 127,   9,  19, -34,  -3, -18,  11, 914
   1, -16, -24,  -7,   6, -20, 197, 250, 124,   7,  15, -36,  -1, 680, -26, 929
   2, -16, -25,  -7,   6, -20, 200, 251, 120,   7,  13, -38,  -5, 487,  -9, 945
   1, -14, -23,  -7,   5, -18, 204, 254, 122,  11,  16, -37,  -6,-215,  -9, 962
   2, -11, -20,  -8,   4, -15, 206, 259, 129,  16,  19, -35,  -3,-204, -15, 978
  24, -10, -42, -21,  28, -27, 196, 254, 128,  14,  12, -44,  -5,3164,-246, 994
  53,  -9, -70, -35,  55, -40, 185, 249, 123,  13,   5, -54, -11,-3165,  71,1011
  21, -11, -39, -18,  22, -25, 204, 267, 135,  25,  14, -42, -11,-3165, 187,1029
 -26, -14,   3,   7, -22,  -5, 229, 289, 148,  35,  26, -28, -12,3164,  70,1046
 -54, -15,  31,  22, -50,   8, 244, 300, 154,  38,  31, -20, -12,3164,  -8,1063
 -64, -12,  44,  25, -60,  16, 251, 303, 157,  37,  33, -17, -11,3164, -40,1080
 -65, -11,  45,  25, -61,  17, 252, 307, 159,  37,  34, -14, -12, 564, -63,1097
 -63, -11,  43,  24, -60,  16, 255, 315, 166,  40,  38,  -9, -11,-1120, -23,1114
 -60, -12,  39,  22, -56,  14, 259, 322, 172,  42,  41,  -7,  -8,-1371,  -5,1131
 -54, -12,  34,  19, -51,  11, 260, 325, 174,  42,  42,  -7,  -8,-1057, -14,1148
 -47, -10,  29,  14, -44,  10, 260, 325, 174,  40,  41,  -9,  -8,-790, -29,1164
 -40,  -5,  27,   9, -41,  12, 262, 324, 175,  39,  40,  -9,  -6,  -1, -31,1180
 -34,   0,  27,   3, -37,  14, 264, 324, 175,  38,  40, -10,  -6, 148, -12,1196
 -29,   3,  25,  -1, -34,  14, 266, 322, 174,  36,  38, -12,  -5,-692,  26,1212
 -19,   3,  14,  -5, -23,   9, 266, 319, 172,  35,  37, -14,  -5,-482,   3,1228
  -9,  -0,   2,  -9, -12,   1, 266, 316, 170,  34,  35, -17,  -3,-158, -29,1243
  -3,  -2,  -7, -11,  -5,  -4, 266, 312, 167,  32,  32, -20,  -8, 360, -22,1258
  -1,  -4, -10, -11,  -3,  -6, 266, 310, 164,  30,  29, -23,  -8, 499, -14,1272
  -3,  -5, -10, -10,  -3,  -7, 266, 309, 163,  28,  28, -26,  -6, -88,   6,1287
  -3,  -4,  -8, -11,  -4,  -6, 269, 310, 163,  27,  27, -26,  -6,-167, -34,1300
  -6,  -5,  -6,  -9,  -7,  -5, 274, 313, 163,  28,  28, -25,  -9, 436,  -3,1314
 -12,  -7,  -3,  -4, -11,  -5, 278, 316, 165,  30,  30, -23,  -9,-865,  25,1327
 -17, -13,  -3,   1, -13,  -8, 283, 319, 167,  31,  30, -21,  -6,-476,   8,1340
 -17, -17,  -6,   3, -12, -11, 285, 320, 163,  29,  27, -24,  -5,-241, -18,1352
 -11, -16, -11,  -1,  -6, -13, 282, 318, 162,  27,  24, -28,  -8, -65, -12,1364
  -2, -13, -17,  -6,   1, -15, 280, 318, 163,  29,  21, -32,  -8, 864,  -3,1375
   4, -11, -22, -11,   6, -16, 280, 319, 164,  32,  21, -36,  -5, 444, -18,1386
   4, -11, -21, -10,   6, -16, 277, 323, 166,  36,  22, -35,  -6,  80, -14,1396
  -0,  -9, -16,  -9,   1, -13, 276, 327, 169,  40,  23, -35,  -8,-108, -11,1405
  -6,  -9, -11,  -6,  -4, -10, 275, 329, 173,  44,  25, -35,  -8,-235, -14,1414
 -10,  -7,  -5,  -5,  -9,  -7, 274, 332, 174,  47,  26, -34,  -9, -83, -22,1423
 -13,  -4,   1,  -5, -14,  -2, 275, 336, 177,  50,  28, -32,  -8,2071, -46,1430
  31,   3, -36, -31,  27, -17, 255, 322, 164,  40,  14, -49,  -9,-2185,-176,1438
  36,   9, -34, -35,  27, -12, 249, 324, 166,  46,  16, -49,  -6,-3165, 186,1444
   0,  11,   3, -18,  -9,   8, 266, 340, 177,  59,  29, -34,  -3,1404, 152,1450
 -36,  10,  38,   0, -45,  24, 286, 357, 188,  70,  42, -19,  -1,3164,   0,1456
 -59,   9,  60,  12, -67,  35, 302, 368, 195,  74,  49, -11,  -5,3164, -52,1461
 -73,  11,  76,  18, -81,  43, 313, 376, 200,  76,  55,  -4,  -8,1683, -35,1465
 -78,  12,  82,  20, -86,  46, 321, 381, 203,  76,  58,  -1,  -6,-771, -35,1468
 -74,  12,  78,  17, -82,  45, 325, 385, 202,  74,  57,   0,  -6,-1386,  -8,1471
 -67,  13,  73,  14, -76,  43, 330, 389, 203,  75,  59,   2,  -8,-678,  -6,1473
 -61,  12,  66,  11, -70,  39, 333, 393, 207,  75,  60,   3,  -8,-1394, -12,1475
 -54,   9,  56,   9, -62,  33, 336, 398, 209,  73,  59,   2,  -6,-750, -29,1476
 -47,   7,  46,   7, -53,  26, 335, 399, 210,  71,  56,  -2,  -6,-360, -20,1476
 -37,   6,  35,   2, -42,  20, 328, 396, 208,  68,  51,  -7,  -5,-297, -15,1476
 -25,   6,  23,  -4, -30,  15, 321, 392, 204,  64,  45, -13,  -5, 621,   5,1475
 -15,   8,  15, -10, -20,  11, 315, 389, 202,  64,  43, -17,  -8, 357,  19,1473
  -9,  10,  10, -14, -16,   9, 311, 388, 202,  65,  43, -19,  -6,  43, -14,1471
  -7,  11,  10, -16, -15,  11, 308, 389, 203,  68,  45, -19,  -9, -97, -11,1468
 -12,  12,  15, -13, -20,  13, 307, 388, 206,  71,  47, -17,  -8,-307, -20,1465
 -18,  11,  21, -10, -26,  16, 305, 387, 205,  73,  49, -16,  -9,-131, -25,1461
 -25,  12,  28,  -7, -33,  20, 306, 389, 205,  75,  51, -14,  -5, 623,  -6,1457
 -28,  14,  34,  -7, -37,  24, 308, 391, 203,  76,  51, -13,  -5, 371,  -8,1452
 -27,  18,  37,  -9, -38,  28, 307, 388, 202,  77,  52, -14,  -6,-717,   2,1447
 -20,  19,  32, -14, -32,  26, 304, 385, 202,  77,  52, -16,  -5,-507,   5,1442
 -15,  19,  26, -16, -27,  23, 303, 386, 204,  79,  52, -16,  -5,-192,   2,1436
 -13,  19,  24, -17, -25,  21, 305, 389, 206,  81,  52, -16,  -6, 271, -12,1430
 -14,  20,  26, -17, -27,  22, 307, 392, 206,  82,  53, -15,  -9, 436, -25,1424
 -15,  22,  29, -17, -29,  25, 309, 394, 206,  83,  54, -15,  -8, -32,   6,1418
 -14,  23,  30, -18, -29,  26, 310, 396, 206,  84,  54, -14,  -5,-252, -17,1412
 -17,  22,  31, -16, -31,  26, 314, 398, 207,  87,  57, -11, -11, 697, -14,1405
 -20,  19,  32, -13, -33,  25, 317, 401, 209,  90,  60,  -8,  -9,-484,  -5,1398
 -22,  16,  30, -10, -34,  23, 323, 404, 212,  91,  60,  -7,  -8,-538, -20,1391
  -6,  15,  13, -19, -15,  13, 319, 397, 206,  86,  52, -16,  -5,3164,-222,1385
  45,  23, -29, -48,  31,  -3, 298, 378, 192,  78,  37, -33,  -9,-3165,  14,1379
  33,  30, -10, -44,  13,  11, 304, 381, 195,  88,  43, -27,  -6,-3165, 198,1372
  -8,  34,  34, -26, -29,  34, 322, 391, 203, 101,  57, -11,  -3,3164,  77,1366
 -43,  36,  70, -10, -64,  53, 341, 402, 212, 109,  69,   4,  -5,3164,  -5,1360
 -63,  38,  92,  -1, -85,  65, 357, 414, 221, 113,  77,  15,  -9,3077, -35,1354
 -74,  37, 104,   5, -96,  71, 365, 420, 225, 113,  83,  21,  -8,  57, -39,1348
 -77,  39, 108,   6,-100,  73, 367, 422, 226, 111,  85,  25,  -9,-1326, -31,1342
 -78,  40, 110,   6,-100,  75, 370, 423, 225, 109,  86,  27,  -8,-855, -22,1337
 -74,  42, 107,   2, -97,  75, 370, 423, 223, 107,  86,  27,  -6,-522, -17,1332
 -63,  47, 100,  -6, -88,  74, 368, 421, 224, 106,  87,  27,  -8,-1165,  -3,1327
 -47,  47,  86, -14, -73,  66, 363, 417, 221, 103,  86,  25,  -5,-827, -11,1322
 -33,  45,  70, -20, -59,  57, 357, 415, 219, 100,  83,  21,  -5,-315,  -5,1317
 -23,  44,  59, -25, -48,  52, 353, 415, 217,  98,  80,  17,  -6, 260, -25,1312
 -19,  44,  55, -26, -44,  50, 350, 414, 216,  97,  78,  14,  -8, 416,   5,1308
 -17,  46,  53, -28, -42,  50, 350, 414, 213,  95,  77,  13,  -9,-215,  -8,1304
 -14,  48,  53, -31, -41,  51, 350, 415, 214,  96,  78,  13,  -8,-156, -15,1300
 -17,  47,  54, -28, -42,  51, 351, 417, 217,  99,  80,  16,  -9, 552, -20,1296
 -20,  44,  54, -26, -44,  49, 352, 418, 221, 102,  82,  18,  -8,-821, -12,1292
 -21,  40,  52, -23, -43,  47, 351, 420, 223, 103,  82,  18,  -6,-494,  -3,1289
 -20,  37,  49, -22, -41,  44, 345, 421, 223, 102,  80,  17,  -6,-201,   5,1286
 -14,  39,  45, -26, -36,  42, 337, 419, 220, 102,  78,  14,  -5,-272,   6,1284
  -5,  43,  40, -33, -29,  42, 324, 415, 217, 102,  76,  11,  -8, 782, -11,1282
   3,  45,  36, -37, -24,  41, 310, 411, 214, 101,  74,   9,  -8, 533, -12,1280
   4,  47,  36, -39, -23,  42, 304, 407, 212, 103,  75,   9,  -9, 272, -20,1278
   5,  49,  37, -40, -23,  43, 304, 406, 212, 105,  76,  11,  -8, 193, -17,1277
   6,  51,  38, -43, -23,  45, 307, 406, 213, 107,  78,  13,  -8,-284, -11,1276
   8,  57,  41, -46, -23,  49, 308, 404, 213, 110,  81,  16, -11,-434, -22,1275
   8,  62,  46, -48, -26,  54, 310, 404, 216, 114,  84,  19,  -8, 252,  -1,1274
   9,  66,  50, -51, -28,  58, 312, 405, 218, 117,  86,  21,  -8, 345, -15,1274
  11,  70,  51, -53, -27,  60, 310, 402, 218, 119,  88,  22,  -5,-563,   6,1275
  17,  73,  48, -58, -22,  60, 307, 397, 217, 120,  89,  22,  -8, -22,  -5,1275
  60,  75,   7, -82,  21,  40, 287, 377, 201, 109,  74,   3,  -8, 810,-312,1276
  80,  79,  -7, -93,  37,  37, 280, 367, 194, 109,  68,  -5, -11,-3165, 150,1277
  40,  83,  36, -75,  -5,  60, 301, 376, 201, 121,  81,   9,  -9, 376, 181,1278
 -10,  82,  85, -49, -55,  84, 326, 387, 207, 130,  94,  26,  -5,3164,  54,1280
 -47,  79, 117, -29, -89,  99, 344, 395, 211, 134, 102,  38,  -5,3164, -48,1281
 -71,  72, 135, -14,-110, 104, 357, 399, 215, 135, 109,  48,  -9,2246, -51,1283
 -84,  64, 139,  -3,-119, 102, 365, 402, 217, 133, 111,  53,  -9,-1399, -42,1286
 -88,  55, 134,   3,-118,  95, 368, 403, 218, 130, 112,  55,  -9,-1685, -12,1288
 -84,  50, 125,   4,-111,  87, 365, 400, 218, 127, 109,  54,  -6,-1260, -31,1291
 -73,  50, 114,  -2,-100,  82, 356, 394, 216, 122, 105,  49,  -6,-1056,   5,1294
 -57,  55, 104, -12, -87,  79, 347, 389, 214, 119, 101,  45, -11, 317,   8,1297
 -44,  60,  95, -21, -76,  78, 340, 384, 212, 118,  99,  42,  -9, 396,  -9,1300
 -35,  63,  90, -28, -69,  76, 335, 380, 210, 118,  99,  42,  -9,  31, -18,1304
 -29,  66,  86, -32, -64,  76, 331, 376, 209, 120, 101,  43,  -8,-221, -15,1308
 -23,  67,  82, -36, -59,  75, 323, 370, 206, 120, 102,  43,  -8,-170, -14,1312
 -16,  73,  80, -42, -55,  77, 315, 365, 202, 119, 103,  44,  -9,-329,   3,1316
 -10,  79,  80, -48, -52,  80, 310, 362, 203, 123, 111,  49, -11, 230,  -8,1320
  -5,  86,  82, -54, -50,  85, 303, 358, 204, 127, 116,  52,  -9, 240, -31,1324
   0,  94,  86, -61, -50,  90, 296, 356, 206, 130, 118,  55,  -8,-573,  -5,1329
  11, 100,  82, -70, -42,  91, 286, 352, 206, 133, 120,  57,  -5,-519,  -5,1333
  20, 102,  74, -75, -34,  89, 276, 345, 203, 133, 120,  57,  -5,-119,   3,1338
  24, 102,  69, -77, -29,  86, 265, 338, 199, 130, 117,  55,  -8, 748, -20,1342
  22,  98,  68, -73, -30,  83, 256, 332, 193, 126, 115,  54,  -9, 550, -18,1347
  18,  94,  68, -70, -32,  82, 250, 329, 190, 126, 115,  55, -12,-253,  -8,1351
  17,  94,  69, -69, -34,  82, 243, 327, 192, 130, 117,  57,  -8,-252, -12,1356
  14,  94,  71, -68, -36,  83, 236, 326, 194, 134, 121,  61,  -9, 442,  -1,1361
  13,  92,  70, -66, -36,  82, 230, 325, 196, 136, 124,  64,  -8,-886,  17,1365
  13,  90,  69, -65, -35,  80, 227, 323, 197, 137, 126,  66,  -8,-464,   2,1370
  14,  89,  67, -65, -34,  78, 224, 321, 197, 138, 125,  65,  -6,-222,  -8,1375
  20,  92,  64, -70, -29,  78, 219, 319, 196, 140, 125,  64,  -6,-2239, -11,1379
  29,  96,  59, -77, -22,  78, 212, 316, 197, 143, 124,  64,  -5,2785, -26,1383
  36,  97,  54, -81, -15,  76, 204, 310, 195, 144, 124,  63,  -1, 869,   6,1388
  39,  99,  52, -83, -14,  76, 200, 304, 195, 147, 125,  64,  -5,-162,  14,1392
  38, 100,  56, -83, -16,  78, 199, 299, 194, 150, 128,  67,  -8,1436, -17,1396
  37, 102,  57, -83, -17,  80, 195, 294, 192, 152, 131,  69,  -9,-2368, -26,1401
  37, 104,  60, -84, -19,  83, 190, 289, 191, 154, 134,  72,  -8, 890, -18,1405
  37, 109,  66, -87, -21,  88, 188, 285, 191, 156, 138,  76,  -8,  63, -11,1409
  39, 117,  70, -92, -22,  94, 184, 281, 190, 158, 140,  79,  -6, 207, -15,1413
  44, 120,  69, -96, -19,  95, 177, 275, 187, 157, 141,  79,  -5,-590,  -6,1417
  52, 119,  60, -99, -11,  90, 166, 268, 184, 156, 141,  78,  -5,-907,   6,1421
  58, 116,  51,-101,  -3,  84, 157, 261, 184, 156, 141,  78,  -3, 716, -11,1424
  60, 113,  46,-100,   0,  80, 149, 255, 181, 155, 140,  78,  -5,-434,  -8,1428
  55, 110,  47, -96,  -3,  79, 144, 250, 180, 156, 140,  79,  -8,1411,   0,1431
  46, 107,  53, -90, -10,  80, 142, 247, 180, 157, 142,  82,  -5,  77,  -6,1435
  36, 102,  58, -82, -18,  81, 142, 244, 178, 157, 142,  83,  -5,-839,   0,1438
  28,  97,  61, -76, -24,  79, 141, 241, 176, 156, 142,  85,  -8,  94,  -9,1440
  26,  96,  62, -74, -25,  79, 139, 237, 176, 157, 142,  85,  -9,-754, -11,1443
  30,  99,  61, -78, -22,  80, 135, 236, 181, 162, 145,  88,  -6,-229, -22,1446
  38, 104,  57, -84, -17,  81, 132, 234, 186, 164, 146,  89,  -6, 179, -28,1449
  47, 108,  53, -91, -10,  81, 128, 233, 187, 163, 144,  87,  -6,-178,   9,1450
  51, 110,  51, -94,  -6,  80, 121, 232, 187, 162, 142,  85,  -8, 553, -11,1452
  51, 111,  51, -95,  -6,  81, 114, 229, 190, 165, 143,  85,  -6, 363,  -8,1454
  49, 111,  54, -93,  -9,  83, 108, 226, 191, 168, 144,  87,  -6, 101, -14,1456
  43, 111,  58, -90, -14,  85, 103, 219, 188, 167, 144,  87,  -9, -26,   0,1457
  40, 109,  61, -88, -17,  85,  95, 208, 176, 161, 140,  86,  -9,-105,   5,1459
  37, 108,  62, -85, -20,  85,  82, 195, 164, 153, 136,  84,  -9,-420,  -1,1461
  32, 107,  66, -83, -24,  87,  73, 185, 155, 148, 134,  83,  -8, 451, -17,1461
  33, 108,  66, -84, -23,  87,  66, 174, 143, 142, 129,  80,  -6, 495, -34,1463
  40, 106,  60, -86, -17,  83,  59, 163, 130, 134, 125,  77,  -5,-218,   5,1463
  51, 105,  47, -91,  -5,  76,  52, 153, 119, 126, 119,  73,  -6,-1212,  16,1464
  56, 102,  39, -92,   2,  70,  49, 146, 118, 123, 116,  72,  -6,  56, -17,1465
  59, 100,  33, -93,   6,  66,  45, 140, 116, 120, 114,  69,  -8, 476, -42,1465
  57,  99,  34, -91,   5,  66,  44, 137, 115, 118, 112,  68,  -8, 359,   6,1465
  55,  99,  36, -90,   3,  68,  43, 136, 111, 116, 111,  69,  -9, 164,  -3,1465
  53,  99,  38, -90,   1,  68,  41, 135, 110, 114, 110,  70,  -9,-572, -15,1464
  49,  97,  40, -87,  -2,  68,  40, 132, 109, 114, 110,  70,  -9, 655,  -5,1464
  43,  92,  42, -81,  -6,  67,  40, 128, 108, 112, 111,  71,  -8,-388, -15,1463
  38,  88,  42, -76,  -9,  64,  40, 125, 106, 110, 110,  72,  -8,-391,  -6,1463
  34,  82,  39, -72,  -9,  60,  38, 120, 102, 105, 105,  69,  -8,-406,  -9,1462
  38,  77,  31, -71,  -3,  53,  29, 110,  94,  98,  98,  62,  -6,-314,   9,1461
  46,  75,  21, -74,   6,  48,  22, 102,  82,  91,  91,  55,  -6, 660,  -5,1460
  50,  74,  16, -76,  11,  45,  16,  94,  79,  88,  87,  52,  -5, 495, -34,1459
  49,  73,  16, -74,  10,  45,  12,  89,  79,  88,  87,  51, -11,  93,  11,1458
  45,  72,  19, -72,   6,  45,   8,  85,  76,  87,  85,  51, -12,-120,  19,1456
  41,  71,  22, -69,   2,  46,   3,  82,  73,  85,  83,  51, -11, -43, -32,1454
  37,  73,  28, -69,  -3,  50,   0,  80,  72,  84,  83,  54, -11,-332, -31,1453
  33,  77,  35, -69,  -8,  56,  -0,  78,  71,  84,  83,  56,  -8, 795,  -8,1451
  32,  82,  41, -71, -12,  61,  -2,  76,  70,  83,  82,  55,  -8, 424,   3,1449
  33,  85,  43, -73, -12,  64,  -5,  71,  68,  81,  80,  54,  -8,-770, -18,1447
  39,  83,  36, -74,  -6,  59, -11,  65,  63,  77,  77,  50,  -8,-652, -25,1445
  42,  76,  26, -73,   0,  51, -18,  59,  57,  72,  73,  47,  -8,-181, -20,1443
  43,  71,  20, -71,   4,  45, -24,  52,  51,  66,  68,  42,  -6, 312,  12,1441
  42,  69,  20, -69,   4,  44, -24,  48,  46,  61,  64,  38,  -6, 578,   6,1438
  38,  67,  21, -66,   1,  44, -21,  45,  42,  57,  61,  37, -11,-2066, -23,1436
  34,  67,  24, -64,  -2,  45, -21,  41,  36,  51,  57,  34,  -8,1230,   9,1433
  29,  63,  26, -60,  -5,  45, -24,  34,  30,  45,  52,  33,  -5,1796,  -1,1431
  34,  55,  12, -58,   6,  32, -32,  20,  12,  26,  37,  21,3164,-3165, 176,1428
   5,-122,-136,  48,  63,-135,  26,  -9,-112,-135,-102, -91,3164,3164, 238,1425
 -83,-221,-144, 139,  21,-178,  58, -46,-186,-208,-147,-113,-3165,3164,-1539,1422
 -64,  13,  67,  11, -73,  44, -21, -17, -32,  -5,  29,  33,-3165,-3165, 739,1419
 -28, 121, 140, -60, -91, 132, -50,  20,  59,  93, 108,  90,-3165,-3165, 506,1416
 -19, 131, 140, -69, -86, 135, -47,  40,  83, 111, 120,  97,-3165,-2414,  -5,1413
 -21, 115, 127, -60, -81, 121, -37,  49,  83, 105, 114,  92,-3165,  31, -94,1409
 -26,  98, 115, -49, -77, 106, -29,  49,  74,  92, 103,  85,-2216, 557, -51,1406
 -31,  83, 105, -39, -74,  94, -25,  44,  63,  77,  92,  76,-1505, 740, -26,1403
 -34,  71,  97, -32, -72,  84, -25,  39,  53,  63,  84,  69,-1025, 603, -31,1400
 -36,  66,  94, -28, -72,  80, -25,  34,  42,  52,  77,  65,-703,1116, -28,1397
 -33,  67,  92, -30, -69,  79, -28,  27,  34,  43,  72,  61,-485, 883, -14,1393
 -25,  68,  84, -35, -61,  76, -35,  19,  28,  37,  69,  60,-340,-207, -15,1389
  -9,  66,  67, -42, -45,  66, -46,  11,  20,  30,  64,  56,-239,-558, -28,1386
   6,  62,  48, -48, -28,  55, -57,   4,  11,  21,  58,  51,-170,  20,  16,1382
  17,  62,  37, -53, -17,  49, -66,  -5,   4,  14,  53,  47,-125, 553,  17,1378
  20,  62,  34, -54, -14,  48, -74, -13,  -2,   9,  50,  45, -91, 615, -20,1374
  20,  59,  31, -53, -13,  46, -80, -19,  -9,   4,  46,  42, -71, 243, -18,1370
  21,  55,  27, -51, -10,  41, -85, -26, -16,  -1,  43,  39, -54,-170, -20,1367
  20,  48,  22, -47,  -8,  35, -90, -29, -19,  -4,  41,  37, -45, 309,  -9,1363
  17,  42,  18, -43,  -8,  30, -95, -28, -17,  -3,  42,  37, -35,-926,   5,1359
  13,  36,  14, -37,  -8,  25, -98, -28, -15,  -3,  41,  37, -29,-745,  -3,1355
  13,  31,  11, -36,  -6,  21,-102, -28, -15,  -6,  37,  32, -26,-909, -20,1351
  19,  30,   4, -38,   1,  17,-108, -30, -17, -11,  30,  26, -20,1604,   0,1347
  29,  33,  -5, -45,  11,  14,-116, -34, -20, -14,  24,  19, -20,  63,   5,1343
  39,  35, -13, -50,  19,  11,-122, -36, -22, -16,  20,  15, -18,1199,  -5,1339
  44,  36, -17, -53,  23,  10,-126, -35, -20, -13,  20,  15, -18,-1627, -17,1335
  46,  39, -16, -55,  24,  12,-128, -31, -16,  -9,  23,  17, -17, 768, -15,1331
  45,  42, -11, -57,  21,  15,-131, -30, -12,  -4,  26,  19, -15,1575, -26,1326
  37,  42,  -4, -53,  14,  19,-137, -30,  -7,  -1,  28,  19, -15,-2374,   6,1322
  25,  41,   7, -46,   2,  24,-140, -27,  -0,   4,  31,  23, -12,2003,  -3,1317
  20,  44,  16, -45,  -5,  30,-145, -17,  12,  12,  38,  29, -14,-334,  11,1313
  21,  48,  19, -48,  -5,  33,-152,  -3,  28,  24,  46,  35, -12,-590,  -8,1309
  34,  51,   9, -56,   6,  29,-160,  11,  46,  38,  56,  41, -14,-1604, -28,1304
  49,  52,  -5, -64,  20,  24,-165,  31,  69,  54,  66,  46, -12,-842, -11,1300
  61,  55, -14, -72,  31,  21,-169,  52,  92,  68,  74,  51, -11,2745, -23,1295
  67,  58, -18, -76,  36,  20,-171,  77, 116,  85,  84,  57, -12,-1365,  -1,1290
  69,  60, -18, -78,  37,  21,-172, 103, 146, 105,  97,  66, -12,1374,   2,1285
  74,  64, -19, -83,  40,  23,-173, 128, 175, 125, 110,  76, -12, 116, -18,1280
  79,  68, -19, -87,  42,  24,-171, 156, 204, 146, 122,  85, -12, -28,   8,1275
  84,  71, -20, -91,  45,  25,-167, 186, 236, 167, 135,  94, -12,-912,  -1,1270
  90,  73, -25, -95,  51,  24,-163, 214, 264, 186, 146, 101, -12,-2644,  -3,1265
  94,  71, -31, -96,  56,  20,-158, 241, 292, 199, 152, 103, -11,1866,  -1,1260
 101,  69, -40, -99,  64,  14,-156, 266, 320, 210, 155, 100, -12,-1178, -18,1254
 108,  65, -51,-100,  73,   6,-157, 285, 341, 216, 151,  94, 920,1133, -23,1249
 113,  60, -61,-100,  80,  -1,-152, 304, 360, 221, 148,  90,3164,2560,  -9,1244
 114,  57, -65, -99,  83,  -5,-143, 325, 378, 227, 146,  85,3164,-1175,   2,1239
 111,  55, -64, -97,  81,  -5,-133, 348, 396, 232, 144,  81,3164, 141, -20,1234
 107,  54, -61, -94,  77,  -4,-121, 370, 410, 236, 142,  76,3164,-1426,   0,1228
 101,  53, -57, -91,  72,  -2,-102, 391, 423, 236, 138,  71,3164, 294, -15,1223
  93,  51, -51, -85,  65,  -0, -80, 413, 440, 238, 134,  65,3164,-558, -34,1217
  86,  49, -47, -81,  60,   1, -62, 434, 459, 240, 131,  60,1668, 968,  -9,1212
  82,  45, -47, -77,  58,  -1, -44, 455, 477, 243, 129,  56, 798, 161,   2,1206
  82,  40, -51, -75,  60,  -6, -28, 476, 492, 243, 128,  51, 254,-731, -15,1200
  80,  35, -53, -71,  60,  -9, -13, 495, 506, 243, 126,  45, -93,-498,   0,1195
  74,  30, -52, -66,  56, -11,   4, 511, 518, 241, 117,  38,-315,  80, -14,1189
  67,  26, -50, -60,  52, -12,  21, 533, 536, 242, 110,  33,-408, 502, -11,1183
  
